-5QrBL6MzLg_60.000_70.000.wav	60.000	70.000	Car
-5QrBL6MzLg_60.000_70.000.wav	60.000	70.000	Bus
-5QrBL6MzLg_60.000_70.000.wav	60.000	70.000	Truck
-5QrBL6MzLg_60.000_70.000.wav	60.000	70.000	Train
-E0shPRxAbo_30.000_40.000.wav	30.000	40.000	Car
-GCwoyCnYsY_0.000_10.000.wav	0.000	10.000	Car
-GCwoyCnYsY_0.000_10.000.wav	0.000	10.000	Car passing by
-GCwoyCnYsY_0.000_10.000.wav	0.000	10.000	Motorcycle
-Gbohom8C4Q_30.000_40.000.wav	30.000	40.000	Train horn
-Gbohom8C4Q_30.000_40.000.wav	30.000	40.000	Train
-Qfk_Q2ctBs_30.000_40.000.wav	30.000	40.000	Car
-Qfk_Q2ctBs_30.000_40.000.wav	30.000	40.000	Truck
-Qfk_Q2ctBs_30.000_40.000.wav	30.000	40.000	Train
-Wd1pV7UjWg_60.000_70.000.wav	60.000	70.000	Car
-Wd1pV7UjWg_60.000_70.000.wav	60.000	70.000	Bus
-Wd1pV7UjWg_60.000_70.000.wav	60.000	70.000	Truck
-Wd1pV7UjWg_60.000_70.000.wav	60.000	70.000	Train
-Zq22n4OewA_30.000_40.000.wav	30.000	40.000	Civil defense siren
-Zq22n4OewA_30.000_40.000.wav	30.000	40.000	Car
-Zq22n4OewA_30.000_40.000.wav	30.000	40.000	Car passing by
-jj2tyuf6-A_80.000_90.000.wav	80.000	90.000	Car
-jj2tyuf6-A_80.000_90.000.wav	80.000	90.000	Bus
-jj2tyuf6-A_80.000_90.000.wav	80.000	90.000	Truck
-nGBPqlRNg4_30.000_40.000.wav	30.000	40.000	Train horn
-nGBPqlRNg4_30.000_40.000.wav	30.000	40.000	Car
-nGBPqlRNg4_30.000_40.000.wav	30.000	40.000	Train
-u9BxBNcrw4_30.000_40.000.wav	30.000	40.000	Train horn
-u9BxBNcrw4_30.000_40.000.wav	30.000	40.000	Car
-u9BxBNcrw4_30.000_40.000.wav	30.000	40.000	Car passing by
-u9BxBNcrw4_30.000_40.000.wav	30.000	40.000	Train
-zqW9xCZd80_260.000_270.000.wav	260.000	270.000	Car
-zqW9xCZd80_260.000_270.000.wav	260.000	270.000	Bus
-zqW9xCZd80_260.000_270.000.wav	260.000	270.000	Truck
02w3vd_GgF0_390.000_400.000.wav	390.000	400.000	Police car (siren)
02w3vd_GgF0_390.000_400.000.wav	390.000	400.000	Car
02w3vd_GgF0_390.000_400.000.wav	390.000	400.000	Train
0HqeYIREv8M_30.000_40.000.wav	30.000	40.000	Car
0HqeYIREv8M_30.000_40.000.wav	30.000	40.000	Bus
0HqeYIREv8M_30.000_40.000.wav	30.000	40.000	Train
0IpYF91Fdt0_80.000_90.000.wav	80.000	90.000	Train horn
0IpYF91Fdt0_80.000_90.000.wav	80.000	90.000	Car
0IpYF91Fdt0_80.000_90.000.wav	80.000	90.000	Train
0NaZejdABG0_90.000_100.000.wav	90.000	100.000	Car
0NaZejdABG0_90.000_100.000.wav	90.000	100.000	Car passing by
0NaZejdABG0_90.000_100.000.wav	90.000	100.000	Train
0RurXUfKyow_4.000_14.000.wav	4.000	14.000	Bicycle
0RurXUfKyow_4.000_14.000.wav	4.000	14.000	Car
0RurXUfKyow_4.000_14.000.wav	4.000	14.000	Motorcycle
0_HnD-rW3lI_170.000_180.000.wav	170.000	180.000	Car
0_HnD-rW3lI_170.000_180.000.wav	170.000	180.000	Bus
0_HnD-rW3lI_170.000_180.000.wav	170.000	180.000	Truck
10i60V1RZkQ_210.000_220.000.wav	210.000	220.000	Train horn
10i60V1RZkQ_210.000_220.000.wav	210.000	220.000	Train
1FJY5X1iY9I_170.000_180.000.wav	170.000	180.000	Train horn
1FJY5X1iY9I_170.000_180.000.wav	170.000	180.000	Train
1S5WKCcf-wU_40.000_50.000.wav	40.000	50.000	Car
1S5WKCcf-wU_40.000_50.000.wav	40.000	50.000	Car passing by
1U0Ty6CW6AM_40.000_50.000.wav	40.000	50.000	Car
1U0Ty6CW6AM_40.000_50.000.wav	40.000	50.000	Motorcycle
1hQLr88iCvg_30.000_40.000.wav	30.000	40.000	Train horn
1hQLr88iCvg_30.000_40.000.wav	30.000	40.000	Car
1hQLr88iCvg_30.000_40.000.wav	30.000	40.000	Train
1iUXERALOOs_190.000_200.000.wav	190.000	200.000	Train horn
1iUXERALOOs_190.000_200.000.wav	190.000	200.000	Train
1iWFlLpixKU_5.000_15.000.wav	5.000	15.000	Fire engine, fire truck (siren)
1iWFlLpixKU_5.000_15.000.wav	5.000	15.000	Car
1iWFlLpixKU_5.000_15.000.wav	5.000	15.000	Truck
1iWFlLpixKU_5.000_15.000.wav	5.000	15.000	Train
1oJAVJPX0YY_20.000_30.000.wav	20.000	30.000	Car
1oJAVJPX0YY_20.000_30.000.wav	20.000	30.000	Car passing by
1oJAVJPX0YY_20.000_30.000.wav	20.000	30.000	Train
26dNsDuIt9Q_340.000_350.000.wav	340.000	350.000	Car
26dNsDuIt9Q_340.000_350.000.wav	340.000	350.000	Truck
26dNsDuIt9Q_340.000_350.000.wav	340.000	350.000	Train
2BMHsKLcb7E_90.000_100.000.wav	90.000	100.000	Train horn
2BMHsKLcb7E_90.000_100.000.wav	90.000	100.000	Train
2RpOd9MJjyQ_10.000_20.000.wav	10.000	20.000	Train horn
2RpOd9MJjyQ_10.000_20.000.wav	10.000	20.000	Civil defense siren
2RpOd9MJjyQ_10.000_20.000.wav	10.000	20.000	Car
2RpOd9MJjyQ_10.000_20.000.wav	10.000	20.000	Train
2U4wSdl10to_200.000_210.000.wav	200.000	210.000	Car
2U4wSdl10to_200.000_210.000.wav	200.000	210.000	Bus
2U4wSdl10to_200.000_210.000.wav	200.000	210.000	Truck
2aBV6AZt5nk_570.000_580.000.wav	570.000	580.000	Car
2aBV6AZt5nk_570.000_580.000.wav	570.000	580.000	Car passing by
2aBV6AZt5nk_570.000_580.000.wav	570.000	580.000	Bus
-8baTnilyjs_30.000_40.000.wav	30.000	40.000	Car
-8baTnilyjs_30.000_40.000.wav	30.000	40.000	Truck
-jG26jT3fP8_230.000_240.000.wav	230.000	240.000	Air horn, truck horn
-jG26jT3fP8_230.000_240.000.wav	230.000	240.000	Fire engine, fire truck (siren)
-jG26jT3fP8_230.000_240.000.wav	230.000	240.000	Civil defense siren
-v7cUxke-f4_30.000_40.000.wav	30.000	40.000	Civil defense siren
-yeWlsEpcpA_15.000_25.000.wav	15.000	25.000	Air horn, truck horn
-yeWlsEpcpA_15.000_25.000.wav	15.000	25.000	Screaming
-yeWlsEpcpA_15.000_25.000.wav	15.000	25.000	Car
04KOunVOkSA_30.000_40.000.wav	30.000	40.000	Civil defense siren
08y2LHhxmsM_400.000_410.000.wav	400.000	410.000	Skateboard
0G73yqtBwgE_11.000_21.000.wav	11.000	21.000	Car
0UPY7ws-VFs_10.000_20.000.wav	10.000	20.000	Air horn, truck horn
0UPY7ws-VFs_10.000_20.000.wav	10.000	20.000	Car
0UPY7ws-VFs_10.000_20.000.wav	10.000	20.000	Motorcycle
0euD32aKYUs_10.000_20.000.wav	10.000	20.000	Air horn, truck horn
0euD32aKYUs_10.000_20.000.wav	10.000	20.000	Civil defense siren
1T1i2rny8RU_30.000_40.000.wav	30.000	40.000	Fire engine, fire truck (siren)
1T1i2rny8RU_30.000_40.000.wav	30.000	40.000	Car
1T1i2rny8RU_30.000_40.000.wav	30.000	40.000	Truck
1iRgwn7p0DA_30.000_40.000.wav	30.000	40.000	Car
1iRgwn7p0DA_30.000_40.000.wav	30.000	40.000	Bus
1iRgwn7p0DA_30.000_40.000.wav	30.000	40.000	Truck
1myTsHAIvYc_30.000_40.000.wav	30.000	40.000	Civil defense siren
1z0XoG6GEv4_420.000_430.000.wav	420.000	430.000	Air horn, truck horn
1z0XoG6GEv4_420.000_430.000.wav	420.000	430.000	Fire engine, fire truck (siren)
1z0XoG6GEv4_420.000_430.000.wav	420.000	430.000	Car
2KmSuPb9gwA_24.000_34.000.wav	24.000	34.000	Car
2Vy5NCEkg2I_30.000_40.000.wav	30.000	40.000	Screaming
2Vy5NCEkg2I_30.000_40.000.wav	30.000	40.000	Car
2ZciT0XrifM_0.000_8.000.wav	0.000	8.000	Air horn, truck horn
2ZciT0XrifM_0.000_8.000.wav	0.000	8.000	Car
2jOzX06bzuA_16.000_26.000.wav	16.000	26.000	Car
2jOzX06bzuA_16.000_26.000.wav	16.000	26.000	Car passing by
35EOmSMTQ6I_30.000_40.000.wav	30.000	40.000	Civil defense siren
3YaLkgUMhAA_110.000_120.000.wav	110.000	120.000	Fire engine, fire truck (siren)
3YaLkgUMhAA_110.000_120.000.wav	110.000	120.000	Police car (siren)
3YaLkgUMhAA_110.000_120.000.wav	110.000	120.000	Car
3YaLkgUMhAA_110.000_120.000.wav	110.000	120.000	Car passing by
3YaLkgUMhAA_110.000_120.000.wav	110.000	120.000	Truck
3ntFslTK6hM_90.000_100.000.wav	90.000	100.000	Car
3ntFslTK6hM_90.000_100.000.wav	90.000	100.000	Train
3rGOv4evODE_20.000_30.000.wav	20.000	30.000	Police car (siren)
3rGOv4evODE_20.000_30.000.wav	20.000	30.000	Car
42U7xIucU68_20.000_30.000.wav	20.000	30.000	Air horn, truck horn
42U7xIucU68_20.000_30.000.wav	20.000	30.000	Fire engine, fire truck (siren)
42U7xIucU68_20.000_30.000.wav	20.000	30.000	Screaming
46r7mO2k6zY_30.000_40.000.wav	30.000	40.000	Fire engine, fire truck (siren)
46r7mO2k6zY_30.000_40.000.wav	30.000	40.000	Civil defense siren
46r7mO2k6zY_30.000_40.000.wav	30.000	40.000	Police car (siren)
4EBnb2DN3Yg_13.000_23.000.wav	13.000	23.000	Civil defense siren
4EBnb2DN3Yg_13.000_23.000.wav	13.000	23.000	Screaming
4EBnb2DN3Yg_13.000_23.000.wav	13.000	23.000	Car
4NTjS5pFfSc_30.000_40.000.wav	30.000	40.000	Car
4NTjS5pFfSc_30.000_40.000.wav	30.000	40.000	Bus
4NTjS5pFfSc_30.000_40.000.wav	30.000	40.000	Truck
4bvfOnX7BIE_30.000_40.000.wav	30.000	40.000	Car
4bvfOnX7BIE_30.000_40.000.wav	30.000	40.000	Motorcycle
4l78f9VZ9uE_30.000_40.000.wav	30.000	40.000	Fire engine, fire truck (siren)
4l78f9VZ9uE_30.000_40.000.wav	30.000	40.000	Civil defense siren
4l78f9VZ9uE_30.000_40.000.wav	30.000	40.000	Truck
-ajCLjpfGKI_83.000_93.000.wav	83.000	93.000	Car
-ajCLjpfGKI_83.000_93.000.wav	83.000	93.000	Car passing by
-hLSc9aPOms_13.000_23.000.wav	13.000	23.000	Car
-hLSc9aPOms_13.000_23.000.wav	13.000	23.000	Bus
-hLSc9aPOms_13.000_23.000.wav	13.000	23.000	Truck
-hLSc9aPOms_13.000_23.000.wav	13.000	23.000	Train
-rgDWfvxxqw_30.000_40.000.wav	30.000	40.000	Screaming
-rgDWfvxxqw_30.000_40.000.wav	30.000	40.000	Car
0C3kqtF76t8_50.000_60.000.wav	50.000	60.000	Car alarm
0C3kqtF76t8_50.000_60.000.wav	50.000	60.000	Police car (siren)
0C3kqtF76t8_50.000_60.000.wav	50.000	60.000	Car
0Hz4R_m0hmI_80.000_90.000.wav	80.000	90.000	Car
0ZPafgZftWk_80.000_90.000.wav	80.000	90.000	Car alarm
0ZPafgZftWk_80.000_90.000.wav	80.000	90.000	Police car (siren)
0ZPafgZftWk_80.000_90.000.wav	80.000	90.000	Car
0npLQ4LzD0c_40.000_50.000.wav	40.000	50.000	Car alarm
0npLQ4LzD0c_40.000_50.000.wav	40.000	50.000	Car
17VuPl9Wxvs_20.000_30.000.wav	20.000	30.000	Fire engine, fire truck (siren)
17VuPl9Wxvs_20.000_30.000.wav	20.000	30.000	Police car (siren)
17VuPl9Wxvs_20.000_30.000.wav	20.000	30.000	Screaming
17VuPl9Wxvs_20.000_30.000.wav	20.000	30.000	Car
3HxQ83IMyw4_70.000_80.000.wav	70.000	80.000	Bicycle
3HxQ83IMyw4_70.000_80.000.wav	70.000	80.000	Car
3HxQ83IMyw4_70.000_80.000.wav	70.000	80.000	Truck
3HxQ83IMyw4_70.000_80.000.wav	70.000	80.000	Train
3z05luLEc_Q_0.000_10.000.wav	0.000	10.000	Bicycle
3z05luLEc_Q_0.000_10.000.wav	0.000	10.000	Car
4A1Ar1TIXIY_30.000_40.000.wav	30.000	40.000	Fire engine, fire truck (siren)
4A1Ar1TIXIY_30.000_40.000.wav	30.000	40.000	Police car (siren)
4A1Ar1TIXIY_30.000_40.000.wav	30.000	40.000	Car
4A1Ar1TIXIY_30.000_40.000.wav	30.000	40.000	Bus
4A1Ar1TIXIY_30.000_40.000.wav	30.000	40.000	Truck
4Kpklmj-ze0_53.000_63.000.wav	53.000	63.000	Car
4h01lBkTVQY_18.000_28.000.wav	18.000	28.000	Car alarm
4h01lBkTVQY_18.000_28.000.wav	18.000	28.000	Police car (siren)
4h01lBkTVQY_18.000_28.000.wav	18.000	28.000	Car
4h01lBkTVQY_18.000_28.000.wav	18.000	28.000	Bus
5-SzZotiaBU_30.000_40.000.wav	30.000	40.000	Bicycle
5-SzZotiaBU_30.000_40.000.wav	30.000	40.000	Car
54PbkldEp9M_30.000_40.000.wav	30.000	40.000	Car
54PbkldEp9M_30.000_40.000.wav	30.000	40.000	Truck
5P6YYsMaIH4_30.000_40.000.wav	30.000	40.000	Bicycle
5P6YYsMaIH4_30.000_40.000.wav	30.000	40.000	Car
5tzTahLHylw_70.000_80.000.wav	70.000	80.000	Car
7DC3HtNi4fU_160.000_170.000.wav	160.000	170.000	Police car (siren)
7DC3HtNi4fU_160.000_170.000.wav	160.000	170.000	Car
7NJ5TbNEIvA_250.000_260.000.wav	250.000	260.000	Ambulance (siren)
7NJ5TbNEIvA_250.000_260.000.wav	250.000	260.000	Fire engine, fire truck (siren)
7NJ5TbNEIvA_250.000_260.000.wav	250.000	260.000	Police car (siren)
7NJ5TbNEIvA_250.000_260.000.wav	250.000	260.000	Car
7NZ0kMj2HSI_54.000_64.000.wav	54.000	64.000	Car
7NZ0kMj2HSI_54.000_64.000.wav	54.000	64.000	Motorcycle
7RQpt1_1ZzU_30.000_40.000.wav	30.000	40.000	Car
7ee54nr6jG8_30.000_40.000.wav	30.000	40.000	Car
8OajsyPSNt8_40.000_50.000.wav	40.000	50.000	Car
8OajsyPSNt8_40.000_50.000.wav	40.000	50.000	Bus
8OajsyPSNt8_40.000_50.000.wav	40.000	50.000	Train
9fCibkUT_gQ_30.000_40.000.wav	30.000	40.000	Police car (siren)
9fCibkUT_gQ_30.000_40.000.wav	30.000	40.000	Car
9fzeD7CeI7Y_110.000_120.000.wav	110.000	120.000	Bicycle
9fzeD7CeI7Y_110.000_120.000.wav	110.000	120.000	Car
9jYv9WuyknA_130.000_140.000.wav	130.000	140.000	Reversing beeps
9jYv9WuyknA_130.000_140.000.wav	130.000	140.000	Car
9jYv9WuyknA_130.000_140.000.wav	130.000	140.000	Truck
A-GNszKtjJc_93.000_103.000.wav	93.000	103.000	Air horn, truck horn
A-GNszKtjJc_93.000_103.000.wav	93.000	103.000	Bicycle
A-GNszKtjJc_93.000_103.000.wav	93.000	103.000	Screaming
A-GNszKtjJc_93.000_103.000.wav	93.000	103.000	Car
A437a4Y_xag_230.000_240.000.wav	230.000	240.000	Bicycle
A437a4Y_xag_230.000_240.000.wav	230.000	240.000	Car
APMPW2YI-Zk_20.000_30.000.wav	20.000	30.000	Ambulance (siren)
APMPW2YI-Zk_20.000_30.000.wav	20.000	30.000	Fire engine, fire truck (siren)
APMPW2YI-Zk_20.000_30.000.wav	20.000	30.000	Police car (siren)
APMPW2YI-Zk_20.000_30.000.wav	20.000	30.000	Car
APMPW2YI-Zk_20.000_30.000.wav	20.000	30.000	Truck
AR-KmtlXg4Y_70.000_80.000.wav	70.000	80.000	Police car (siren)
AR-KmtlXg4Y_70.000_80.000.wav	70.000	80.000	Car
AR-KmtlXg4Y_70.000_80.000.wav	70.000	80.000	Train
-60XojQWWoc_30.000_40.000.wav	30.000	40.000	Police car (siren)
-60XojQWWoc_30.000_40.000.wav	30.000	40.000	Car
-60XojQWWoc_30.000_40.000.wav	30.000	40.000	Truck
-6d-zxMvC5E_30.000_40.000.wav	30.000	40.000	Car
-6qSMlbJJ58_30.000_40.000.wav	30.000	40.000	Fire engine, fire truck (siren)
-6qSMlbJJ58_30.000_40.000.wav	30.000	40.000	Police car (siren)
-6qSMlbJJ58_30.000_40.000.wav	30.000	40.000	Car
-6qSMlbJJ58_30.000_40.000.wav	30.000	40.000	Bus
-6qSMlbJJ58_30.000_40.000.wav	30.000	40.000	Truck
-8OITuFZha8_30.000_40.000.wav	30.000	40.000	Bus
-8OITuFZha8_30.000_40.000.wav	30.000	40.000	Truck
-8n2NqDFRko_30.000_40.000.wav	30.000	40.000	Car
-8n2NqDFRko_30.000_40.000.wav	30.000	40.000	Truck
-AIrHVeCgtM_30.000_40.000.wav	30.000	40.000	Police car (siren)
-AIrHVeCgtM_30.000_40.000.wav	30.000	40.000	Car
-AIrHVeCgtM_30.000_40.000.wav	30.000	40.000	Car passing by
-AIrHVeCgtM_30.000_40.000.wav	30.000	40.000	Truck
-AIrHVeCgtM_30.000_40.000.wav	30.000	40.000	Train
-AVzYvKHwPg_30.000_40.000.wav	30.000	40.000	Car
-AVzYvKHwPg_30.000_40.000.wav	30.000	40.000	Truck
-AXDeY-N2_M_30.000_40.000.wav	30.000	40.000	Car
-B1uzsLG0Dk_30.000_40.000.wav	30.000	40.000	Reversing beeps
-B1uzsLG0Dk_30.000_40.000.wav	30.000	40.000	Bus
-B1uzsLG0Dk_30.000_40.000.wav	30.000	40.000	Truck
-BM_EAszxBg_30.000_40.000.wav	30.000	40.000	Reversing beeps
-BM_EAszxBg_30.000_40.000.wav	30.000	40.000	Fire engine, fire truck (siren)
-BM_EAszxBg_30.000_40.000.wav	30.000	40.000	Car
-BM_EAszxBg_30.000_40.000.wav	30.000	40.000	Truck
-Em3OpyaefM_30.000_40.000.wav	30.000	40.000	Car
-Em3OpyaefM_30.000_40.000.wav	30.000	40.000	Bus
-Em3OpyaefM_30.000_40.000.wav	30.000	40.000	Truck
-FWkB2IDMhc_30.000_40.000.wav	30.000	40.000	Car
-FWkB2IDMhc_30.000_40.000.wav	30.000	40.000	Truck
-FWkB2IDMhc_30.000_40.000.wav	30.000	40.000	Train
-SP7KWmTRUU_30.000_40.000.wav	30.000	40.000	Car
-SP7KWmTRUU_30.000_40.000.wav	30.000	40.000	Truck
-SP7KWmTRUU_30.000_40.000.wav	30.000	40.000	Motorcycle
-h4or05bj_I_30.000_40.000.wav	30.000	40.000	Bicycle
-h4or05bj_I_30.000_40.000.wav	30.000	40.000	Screaming
-h4or05bj_I_30.000_40.000.wav	30.000	40.000	Motorcycle
-oV6dQu5tZo_30.000_40.000.wav	30.000	40.000	Car
-oV6dQu5tZo_30.000_40.000.wav	30.000	40.000	Bus
-oV6dQu5tZo_30.000_40.000.wav	30.000	40.000	Truck
-r8mfjRiHrU_30.000_40.000.wav	30.000	40.000	Car
-r8mfjRiHrU_30.000_40.000.wav	30.000	40.000	Bus
-r8mfjRiHrU_30.000_40.000.wav	30.000	40.000	Truck
-s9kwrRilOY_30.000_40.000.wav	30.000	40.000	Bus
-s9kwrRilOY_30.000_40.000.wav	30.000	40.000	Truck
-uMiGr6xvRA_30.000_40.000.wav	30.000	40.000	Car
-uMiGr6xvRA_30.000_40.000.wav	30.000	40.000	Bus
-uMiGr6xvRA_30.000_40.000.wav	30.000	40.000	Truck
-x70B12Mb-8_30.000_40.000.wav	30.000	40.000	Bicycle
-x70B12Mb-8_30.000_40.000.wav	30.000	40.000	Car
-x70B12Mb-8_30.000_40.000.wav	30.000	40.000	Truck
-xYsfYZOI-Y_30.000_40.000.wav	30.000	40.000	Bus
-xYsfYZOI-Y_30.000_40.000.wav	30.000	40.000	Truck
-zxrdL6MlKI_30.000_40.000.wav	30.000	40.000	Reversing beeps
-zxrdL6MlKI_30.000_40.000.wav	30.000	40.000	Car
-zxrdL6MlKI_30.000_40.000.wav	30.000	40.000	Truck
03xMfqt4fZI_24.000_34.000.wav	24.000	34.000	Car
0E4AqW9dmdk_30.000_40.000.wav	30.000	40.000	Car
0E4AqW9dmdk_30.000_40.000.wav	30.000	40.000	Bus
0E4AqW9dmdk_30.000_40.000.wav	30.000	40.000	Truck
0FQo-2xRJ0E_30.000_40.000.wav	30.000	40.000	Car
0FQo-2xRJ0E_30.000_40.000.wav	30.000	40.000	Bus
0FQo-2xRJ0E_30.000_40.000.wav	30.000	40.000	Truck
0HmiH-wKLB4_30.000_40.000.wav	30.000	40.000	Car
0HmiH-wKLB4_30.000_40.000.wav	30.000	40.000	Bus
0KskqFt3DoY_15.000_25.000.wav	15.000	25.000	Reversing beeps
0KskqFt3DoY_15.000_25.000.wav	15.000	25.000	Car
0KskqFt3DoY_15.000_25.000.wav	15.000	25.000	Bus
0KskqFt3DoY_15.000_25.000.wav	15.000	25.000	Truck
0OiPtV9sd_w_30.000_40.000.wav	30.000	40.000	Car
0OiPtV9sd_w_30.000_40.000.wav	30.000	40.000	Car passing by
0P-YGHC5cBU_30.000_40.000.wav	30.000	40.000	Fire engine, fire truck (siren)
0P-YGHC5cBU_30.000_40.000.wav	30.000	40.000	Police car (siren)
0P-YGHC5cBU_30.000_40.000.wav	30.000	40.000	Car
0QKet-tdquc_30.000_40.000.wav	30.000	40.000	Car
0QKet-tdquc_30.000_40.000.wav	30.000	40.000	Car passing by
0QKet-tdquc_30.000_40.000.wav	30.000	40.000	Bus
0QKet-tdquc_30.000_40.000.wav	30.000	40.000	Truck
0VnoYVqd-yo_30.000_40.000.wav	30.000	40.000	Car
0VnoYVqd-yo_30.000_40.000.wav	30.000	40.000	Car passing by
0VnoYVqd-yo_30.000_40.000.wav	30.000	40.000	Bus
0VnoYVqd-yo_30.000_40.000.wav	30.000	40.000	Truck
-5px8DVPl8A_28.000_38.000.wav	28.000	38.000	Car
-5px8DVPl8A_28.000_38.000.wav	28.000	38.000	Motorcycle
-D08wyQwDPQ_10.000_20.000.wav	10.000	20.000	Car
-D08wyQwDPQ_10.000_20.000.wav	10.000	20.000	Car passing by
-D08wyQwDPQ_10.000_20.000.wav	10.000	20.000	Truck
-F1_Gh78vJ0_30.000_40.000.wav	30.000	40.000	Skateboard
-F1_Gh78vJ0_30.000_40.000.wav	30.000	40.000	Car
-FZQIkX44Pk_10.000_20.000.wav	10.000	20.000	Car
-FZQIkX44Pk_10.000_20.000.wav	10.000	20.000	Truck
-FsvS99nWTc_30.000_40.000.wav	30.000	40.000	Bicycle
-FsvS99nWTc_30.000_40.000.wav	30.000	40.000	Car
-Holdef_BZ0_30.000_40.000.wav	30.000	40.000	Bicycle
-Holdef_BZ0_30.000_40.000.wav	30.000	40.000	Car
-Inn26beF70_30.000_40.000.wav	30.000	40.000	Bicycle
-Inn26beF70_30.000_40.000.wav	30.000	40.000	Skateboard
-Inn26beF70_30.000_40.000.wav	30.000	40.000	Car
-Jq9HNSs_ns_14.000_24.000.wav	14.000	24.000	Bicycle
-Jq9HNSs_ns_14.000_24.000.wav	14.000	24.000	Skateboard
-Jq9HNSs_ns_14.000_24.000.wav	14.000	24.000	Screaming
-Jq9HNSs_ns_14.000_24.000.wav	14.000	24.000	Car
-KlN_AXMM0Q_30.000_40.000.wav	30.000	40.000	Bicycle
-KlN_AXMM0Q_30.000_40.000.wav	30.000	40.000	Car
-KlN_AXMM0Q_30.000_40.000.wav	30.000	40.000	Bus
-KlN_AXMM0Q_30.000_40.000.wav	30.000	40.000	Truck
-NCcqKWiGus_30.000_40.000.wav	30.000	40.000	Car
-NCcqKWiGus_30.000_40.000.wav	30.000	40.000	Bus
-NCcqKWiGus_30.000_40.000.wav	30.000	40.000	Truck
-NNC_TqWfGw_30.000_40.000.wav	30.000	40.000	Bicycle
-NNC_TqWfGw_30.000_40.000.wav	30.000	40.000	Car
-NNC_TqWfGw_30.000_40.000.wav	30.000	40.000	Bus
-OGFiXvmldM_30.000_40.000.wav	30.000	40.000	Car
-RFpDUZhN-g_13.000_23.000.wav	13.000	23.000	Bicycle
-RFpDUZhN-g_13.000_23.000.wav	13.000	23.000	Skateboard
-RFpDUZhN-g_13.000_23.000.wav	13.000	23.000	Car
-XUfeRTw3b4_0.000_6.000.wav	0.000	6.000	Bicycle
-XUfeRTw3b4_0.000_6.000.wav	0.000	6.000	Skateboard
-XUfeRTw3b4_0.000_6.000.wav	0.000	6.000	Car
-XUfeRTw3b4_0.000_6.000.wav	0.000	6.000	Truck
-XoATxJ-Qcg_30.000_40.000.wav	30.000	40.000	Car
-XoATxJ-Qcg_30.000_40.000.wav	30.000	40.000	Bus
-XoATxJ-Qcg_30.000_40.000.wav	30.000	40.000	Truck
-bFNxvFwDts_470.000_480.000.wav	470.000	480.000	Car
-bFNxvFwDts_470.000_480.000.wav	470.000	480.000	Car passing by
-bFNxvFwDts_470.000_480.000.wav	470.000	480.000	Bus
-bFNxvFwDts_470.000_480.000.wav	470.000	480.000	Truck
-e5PokL6Cyo_30.000_40.000.wav	30.000	40.000	Bicycle
-e5PokL6Cyo_30.000_40.000.wav	30.000	40.000	Car
-fNyOf9zIU0_30.000_40.000.wav	30.000	40.000	Bicycle
-fNyOf9zIU0_30.000_40.000.wav	30.000	40.000	Skateboard
-fNyOf9zIU0_30.000_40.000.wav	30.000	40.000	Car
-fhpkRyZL90_30.000_40.000.wav	30.000	40.000	Bicycle
-fhpkRyZL90_30.000_40.000.wav	30.000	40.000	Car
-fhpkRyZL90_30.000_40.000.wav	30.000	40.000	Motorcycle
-fo3m0hiZbg_30.000_40.000.wav	30.000	40.000	Car
-fo3m0hiZbg_30.000_40.000.wav	30.000	40.000	Car passing by
-fo3m0hiZbg_30.000_40.000.wav	30.000	40.000	Truck
-ikJkNwcmkA_27.000_37.000.wav	27.000	37.000	Bicycle
-ikJkNwcmkA_27.000_37.000.wav	27.000	37.000	Car
-ikJkNwcmkA_27.000_37.000.wav	27.000	37.000	Truck
-k2nMcxAjWE_30.000_40.000.wav	30.000	40.000	Bicycle
-k2nMcxAjWE_30.000_40.000.wav	30.000	40.000	Skateboard
-k80ibA-fyw_30.000_40.000.wav	30.000	40.000	Bicycle
-k80ibA-fyw_30.000_40.000.wav	30.000	40.000	Car
-lBcEVa_NKw_30.000_40.000.wav	30.000	40.000	Bicycle
-lBcEVa_NKw_30.000_40.000.wav	30.000	40.000	Motorcycle
-mQyAYU_Bd4_50.000_60.000.wav	50.000	60.000	Bicycle
-mQyAYU_Bd4_50.000_60.000.wav	50.000	60.000	Motorcycle
-ngrinYHF4c_30.000_40.000.wav	30.000	40.000	Car
-ngrinYHF4c_30.000_40.000.wav	30.000	40.000	Motorcycle
-nqm_RJ2xj8_40.000_50.000.wav	40.000	50.000	Bicycle
-nqm_RJ2xj8_40.000_50.000.wav	40.000	50.000	Car
-oAw5iTeT1g_40.000_50.000.wav	40.000	50.000	Bicycle
-oAw5iTeT1g_40.000_50.000.wav	40.000	50.000	Motorcycle
-p2EMzpTE38_4.000_14.000.wav	4.000	14.000	Bicycle
-p2EMzpTE38_4.000_14.000.wav	4.000	14.000	Car
-qmfWP_yzn4_30.000_40.000.wav	30.000	40.000	Bicycle
-qmfWP_yzn4_30.000_40.000.wav	30.000	40.000	Car
-0DIFwkUpjQ_50.000_60.000.wav	50.000	60.000	Skateboard
-0DIFwkUpjQ_50.000_60.000.wav	50.000	60.000	Car
-53qltVyjpc_180.000_190.000.wav	180.000	190.000	Car
-53qltVyjpc_180.000_190.000.wav	180.000	190.000	Car passing by
-5y4jb9eUWs_110.000_120.000.wav	110.000	120.000	Car
-5y4jb9eUWs_110.000_120.000.wav	110.000	120.000	Bus
-81kolkG8M0_0.000_8.000.wav	0.000	8.000	Bicycle
-81kolkG8M0_0.000_8.000.wav	0.000	8.000	Skateboard
-81kolkG8M0_0.000_8.000.wav	0.000	8.000	Car
-9dwTSq6JZg_70.000_80.000.wav	70.000	80.000	Skateboard
-9dwTSq6JZg_70.000_80.000.wav	70.000	80.000	Car
-9dwTSq6JZg_70.000_80.000.wav	70.000	80.000	Bus
-9oKZsjjf_0_20.000_30.000.wav	20.000	30.000	Car
-AFGfu5zOzQ_30.000_40.000.wav	30.000	40.000	Skateboard
-DHGwygUsQc_30.000_40.000.wav	30.000	40.000	Bicycle
-DHGwygUsQc_30.000_40.000.wav	30.000	40.000	Skateboard
-DkuTmIs7_Q_30.000_40.000.wav	30.000	40.000	Skateboard
-DkuTmIs7_Q_30.000_40.000.wav	30.000	40.000	Screaming
-E1E17R7UBA_260.000_270.000.wav	260.000	270.000	Skateboard
-E1E17R7UBA_260.000_270.000.wav	260.000	270.000	Car
-E1aIXhB4YU_30.000_40.000.wav	30.000	40.000	Skateboard
-E1aIXhB4YU_30.000_40.000.wav	30.000	40.000	Car
-McJLXNN3-o_50.000_60.000.wav	50.000	60.000	Skateboard
-McJLXNN3-o_50.000_60.000.wav	50.000	60.000	Motorcycle
-N7nQ4CXGsY_170.000_180.000.wav	170.000	180.000	Car
-O5vrHFRzcY_30.000_40.000.wav	30.000	40.000	Skateboard
-O5vrHFRzcY_30.000_40.000.wav	30.000	40.000	Car
-O5vrHFRzcY_30.000_40.000.wav	30.000	40.000	Car passing by
-Plh9jAN_Eo_0.000_2.000.wav	0.000	2.000	Skateboard
-Plh9jAN_Eo_0.000_2.000.wav	0.000	2.000	Car
-Qd_dXTbgK0_30.000_40.000.wav	30.000	40.000	Bicycle
-Qd_dXTbgK0_30.000_40.000.wav	30.000	40.000	Skateboard
-aVZ-H92M_s_0.000_4.000.wav	0.000	4.000	Car
-aVZ-H92M_s_0.000_4.000.wav	0.000	4.000	Bus
-aVZ-H92M_s_0.000_4.000.wav	0.000	4.000	Truck
-cd-Zn8qFxU_90.000_100.000.wav	90.000	100.000	Skateboard
-esP4loyvjM_60.000_70.000.wav	60.000	70.000	Bicycle
-esP4loyvjM_60.000_70.000.wav	60.000	70.000	Skateboard
-iB3a71aPew_30.000_40.000.wav	30.000	40.000	Car
-iB3a71aPew_30.000_40.000.wav	30.000	40.000	Bus
-iB3a71aPew_30.000_40.000.wav	30.000	40.000	Train
-lZapwtvwlg_0.000_10.000.wav	0.000	10.000	Bicycle
-lZapwtvwlg_0.000_10.000.wav	0.000	10.000	Skateboard
-mxMaMJCXL8_180.000_190.000.wav	180.000	190.000	Skateboard
-mxMaMJCXL8_180.000_190.000.wav	180.000	190.000	Car
-nYGTw9Sypg_20.000_30.000.wav	20.000	30.000	Skateboard
-oS19KshdlM_30.000_40.000.wav	30.000	40.000	Bicycle
-oS19KshdlM_30.000_40.000.wav	30.000	40.000	Skateboard
-oS19KshdlM_30.000_40.000.wav	30.000	40.000	Motorcycle
-s6uxc77NWo_40.000_50.000.wav	40.000	50.000	Bicycle
-s6uxc77NWo_40.000_50.000.wav	40.000	50.000	Skateboard
-sCrXS2kJlA_30.000_40.000.wav	30.000	40.000	Car
-sCrXS2kJlA_30.000_40.000.wav	30.000	40.000	Train
-saCvPTdQ7s_30.000_40.000.wav	30.000	40.000	Bicycle
-saCvPTdQ7s_30.000_40.000.wav	30.000	40.000	Skateboard
-saCvPTdQ7s_30.000_40.000.wav	30.000	40.000	Truck
-saCvPTdQ7s_30.000_40.000.wav	30.000	40.000	Motorcycle
-sb-knLiDic_20.000_30.000.wav	20.000	30.000	Bicycle
-sb-knLiDic_20.000_30.000.wav	20.000	30.000	Skateboard
-tSwRvqaKWg_90.000_100.000.wav	90.000	100.000	Skateboard
-tSwRvqaKWg_90.000_100.000.wav	90.000	100.000	Car
-x_jV34hVq4_30.000_40.000.wav	30.000	40.000	Skateboard
--ljM2Kojag_30.000_40.000.wav	30.000	40.000	Fire engine, fire truck (siren)
--ljM2Kojag_30.000_40.000.wav	30.000	40.000	Civil defense siren
--ljM2Kojag_30.000_40.000.wav	30.000	40.000	Police car (siren)
--ljM2Kojag_30.000_40.000.wav	30.000	40.000	Car
--ljM2Kojag_30.000_40.000.wav	30.000	40.000	Truck
-4F1TX-T6T4_30.000_40.000.wav	30.000	40.000	Ambulance (siren)
-4F1TX-T6T4_30.000_40.000.wav	30.000	40.000	Fire engine, fire truck (siren)
-4F1TX-T6T4_30.000_40.000.wav	30.000	40.000	Police car (siren)
-7HVWUwyMig_30.000_40.000.wav	30.000	40.000	Bicycle
-7HVWUwyMig_30.000_40.000.wav	30.000	40.000	Car
-9pUUT-6o8U_30.000_40.000.wav	30.000	40.000	Car
-9pUUT-6o8U_30.000_40.000.wav	30.000	40.000	Bus
-9pUUT-6o8U_30.000_40.000.wav	30.000	40.000	Truck
-9pUUT-6o8U_30.000_40.000.wav	30.000	40.000	Train
-Ei2LE71Dfg_20.000_30.000.wav	20.000	30.000	Ambulance (siren)
-Ei2LE71Dfg_20.000_30.000.wav	20.000	30.000	Fire engine, fire truck (siren)
-Ei2LE71Dfg_20.000_30.000.wav	20.000	30.000	Police car (siren)
-Ei2LE71Dfg_20.000_30.000.wav	20.000	30.000	Car
-Ei2LE71Dfg_20.000_30.000.wav	20.000	30.000	Truck
-LGTb-xyjzA_11.000_21.000.wav	11.000	21.000	Fire engine, fire truck (siren)
-LGTb-xyjzA_11.000_21.000.wav	11.000	21.000	Police car (siren)
-LGTb-xyjzA_11.000_21.000.wav	11.000	21.000	Truck
-Y1qiiugnk8_30.000_40.000.wav	30.000	40.000	Fire engine, fire truck (siren)
-Y1qiiugnk8_30.000_40.000.wav	30.000	40.000	Police car (siren)
-Y1qiiugnk8_30.000_40.000.wav	30.000	40.000	Car
-YsrLG2K1TE_30.000_40.000.wav	30.000	40.000	Ambulance (siren)
-YsrLG2K1TE_30.000_40.000.wav	30.000	40.000	Fire engine, fire truck (siren)
-YsrLG2K1TE_30.000_40.000.wav	30.000	40.000	Police car (siren)
-YsrLG2K1TE_30.000_40.000.wav	30.000	40.000	Truck
-ZeMV790MXE_10.000_20.000.wav	10.000	20.000	Ambulance (siren)
-ZeMV790MXE_10.000_20.000.wav	10.000	20.000	Fire engine, fire truck (siren)
-ZeMV790MXE_10.000_20.000.wav	10.000	20.000	Police car (siren)
-ZeMV790MXE_10.000_20.000.wav	10.000	20.000	Car
-ZeMV790MXE_10.000_20.000.wav	10.000	20.000	Truck
-d-T8Y9-TOg_17.000_27.000.wav	17.000	27.000	Ambulance (siren)
-d-T8Y9-TOg_17.000_27.000.wav	17.000	27.000	Fire engine, fire truck (siren)
-d-T8Y9-TOg_17.000_27.000.wav	17.000	27.000	Police car (siren)
-d-T8Y9-TOg_17.000_27.000.wav	17.000	27.000	Car
-d-T8Y9-TOg_17.000_27.000.wav	17.000	27.000	Truck
-dcrL5JLmvo_11.000_21.000.wav	11.000	21.000	Ambulance (siren)
-dcrL5JLmvo_11.000_21.000.wav	11.000	21.000	Fire engine, fire truck (siren)
-dcrL5JLmvo_11.000_21.000.wav	11.000	21.000	Car
-dcrL5JLmvo_11.000_21.000.wav	11.000	21.000	Truck
-fCSO8SVWZU_6.000_16.000.wav	6.000	16.000	Fire engine, fire truck (siren)
-fCSO8SVWZU_6.000_16.000.wav	6.000	16.000	Police car (siren)
-fCSO8SVWZU_6.000_16.000.wav	6.000	16.000	Truck
-fGFQTGd2nA_10.000_20.000.wav	10.000	20.000	Ambulance (siren)
-fGFQTGd2nA_10.000_20.000.wav	10.000	20.000	Fire engine, fire truck (siren)
-fGFQTGd2nA_10.000_20.000.wav	10.000	20.000	Police car (siren)
-hA1yMrEXz0_10.000_20.000.wav	10.000	20.000	Ambulance (siren)
-hA1yMrEXz0_10.000_20.000.wav	10.000	20.000	Fire engine, fire truck (siren)
-hA1yMrEXz0_10.000_20.000.wav	10.000	20.000	Police car (siren)
-jnQgpHubNI_30.000_40.000.wav	30.000	40.000	Ambulance (siren)
-jnQgpHubNI_30.000_40.000.wav	30.000	40.000	Fire engine, fire truck (siren)
-jnQgpHubNI_30.000_40.000.wav	30.000	40.000	Police car (siren)
-jnQgpHubNI_30.000_40.000.wav	30.000	40.000	Car
-k6p9n9y22Q_30.000_40.000.wav	30.000	40.000	Ambulance (siren)
-k6p9n9y22Q_30.000_40.000.wav	30.000	40.000	Fire engine, fire truck (siren)
-k6p9n9y22Q_30.000_40.000.wav	30.000	40.000	Police car (siren)
-k6p9n9y22Q_30.000_40.000.wav	30.000	40.000	Car
-k6p9n9y22Q_30.000_40.000.wav	30.000	40.000	Truck
-kr4SUjnm88_29.000_39.000.wav	29.000	39.000	Ambulance (siren)
-kr4SUjnm88_29.000_39.000.wav	29.000	39.000	Fire engine, fire truck (siren)
-kr4SUjnm88_29.000_39.000.wav	29.000	39.000	Police car (siren)
-kr4SUjnm88_29.000_39.000.wav	29.000	39.000	Train
-lyPnABQhCI_30.000_40.000.wav	30.000	40.000	Fire engine, fire truck (siren)
-lyPnABQhCI_30.000_40.000.wav	30.000	40.000	Police car (siren)
-od8LQAVgno_30.000_40.000.wav	30.000	40.000	Fire engine, fire truck (siren)
-od8LQAVgno_30.000_40.000.wav	30.000	40.000	Civil defense siren
-od8LQAVgno_30.000_40.000.wav	30.000	40.000	Truck
-pVEgzu95Nc_30.000_40.000.wav	30.000	40.000	Fire engine, fire truck (siren)
-pVEgzu95Nc_30.000_40.000.wav	30.000	40.000	Truck
-w-9yF465IY_30.000_40.000.wav	30.000	40.000	Fire engine, fire truck (siren)
-w-9yF465IY_30.000_40.000.wav	30.000	40.000	Police car (siren)
-w-9yF465IY_30.000_40.000.wav	30.000	40.000	Truck
-woquFRnQk8_16.000_26.000.wav	16.000	26.000	Screaming
-woquFRnQk8_16.000_26.000.wav	16.000	26.000	Car
-woquFRnQk8_16.000_26.000.wav	16.000	26.000	Bus
-xz75wUCln8_50.000_60.000.wav	50.000	60.000	Bus
-xz75wUCln8_50.000_60.000.wav	50.000	60.000	Truck
-xz75wUCln8_50.000_60.000.wav	50.000	60.000	Train
-yGElLHdkEI_30.000_40.000.wav	30.000	40.000	Fire engine, fire truck (siren)
-yGElLHdkEI_30.000_40.000.wav	30.000	40.000	Police car (siren)
-yGElLHdkEI_30.000_40.000.wav	30.000	40.000	Car
-yPSgCn9AWo_30.000_40.000.wav	30.000	40.000	Fire engine, fire truck (siren)
-yPSgCn9AWo_30.000_40.000.wav	30.000	40.000	Police car (siren)
-yPSgCn9AWo_30.000_40.000.wav	30.000	40.000	Car
-yPSgCn9AWo_30.000_40.000.wav	30.000	40.000	Truck
-z8jsgl3iHE_30.000_40.000.wav	30.000	40.000	Car
-z8jsgl3iHE_30.000_40.000.wav	30.000	40.000	Car passing by
-z8jsgl3iHE_30.000_40.000.wav	30.000	40.000	Truck
00H_s-krtg8_30.000_40.000.wav	30.000	40.000	Ambulance (siren)
00H_s-krtg8_30.000_40.000.wav	30.000	40.000	Fire engine, fire truck (siren)
00H_s-krtg8_30.000_40.000.wav	30.000	40.000	Police car (siren)
00H_s-krtg8_30.000_40.000.wav	30.000	40.000	Truck
02u3P99INjs_8.000_18.000.wav	8.000	18.000	Car
02u3P99INjs_8.000_18.000.wav	8.000	18.000	Car passing by
06RreMb5qbE_0.000_10.000.wav	0.000	10.000	Ambulance (siren)
06RreMb5qbE_0.000_10.000.wav	0.000	10.000	Fire engine, fire truck (siren)
06RreMb5qbE_0.000_10.000.wav	0.000	10.000	Police car (siren)
06RreMb5qbE_0.000_10.000.wav	0.000	10.000	Car
06RreMb5qbE_0.000_10.000.wav	0.000	10.000	Truck
0EPK7Pv_lbE_30.000_40.000.wav	30.000	40.000	Ambulance (siren)
0EPK7Pv_lbE_30.000_40.000.wav	30.000	40.000	Fire engine, fire truck (siren)
0EPK7Pv_lbE_30.000_40.000.wav	30.000	40.000	Police car (siren)
0EPK7Pv_lbE_30.000_40.000.wav	30.000	40.000	Car
0EPK7Pv_lbE_30.000_40.000.wav	30.000	40.000	Truck
-0Eem_FuIto_15.000_25.000.wav	15.000	25.000	Ambulance (siren)
-0Eem_FuIto_15.000_25.000.wav	15.000	25.000	Fire engine, fire truck (siren)
-0Eem_FuIto_15.000_25.000.wav	15.000	25.000	Police car (siren)
-0Eem_FuIto_15.000_25.000.wav	15.000	25.000	Car
-2sT5oBBWWY_30.000_40.000.wav	30.000	40.000	Car
-2sT5oBBWWY_30.000_40.000.wav	30.000	40.000	Truck
-45cKZA7Jww_30.000_40.000.wav	30.000	40.000	Fire engine, fire truck (siren)
-45cKZA7Jww_30.000_40.000.wav	30.000	40.000	Police car (siren)
-45cKZA7Jww_30.000_40.000.wav	30.000	40.000	Car
-45cKZA7Jww_30.000_40.000.wav	30.000	40.000	Truck
-4B435WQvag_20.000_30.000.wav	20.000	30.000	Fire engine, fire truck (siren)
-4B435WQvag_20.000_30.000.wav	20.000	30.000	Police car (siren)
-4B435WQvag_20.000_30.000.wav	20.000	30.000	Car
-4B435WQvag_20.000_30.000.wav	20.000	30.000	Truck
-6qhtwdfGOA_23.000_33.000.wav	23.000	33.000	Fire engine, fire truck (siren)
-6qhtwdfGOA_23.000_33.000.wav	23.000	33.000	Police car (siren)
-6qhtwdfGOA_23.000_33.000.wav	23.000	33.000	Car
-8uyNBFbdFc_30.000_40.000.wav	30.000	40.000	Ambulance (siren)
-8uyNBFbdFc_30.000_40.000.wav	30.000	40.000	Fire engine, fire truck (siren)
-8uyNBFbdFc_30.000_40.000.wav	30.000	40.000	Police car (siren)
-8uyNBFbdFc_30.000_40.000.wav	30.000	40.000	Truck
-Jsu4dbuO4A_30.000_40.000.wav	30.000	40.000	Fire engine, fire truck (siren)
-Jsu4dbuO4A_30.000_40.000.wav	30.000	40.000	Car
-Jsu4dbuO4A_30.000_40.000.wav	30.000	40.000	Truck
-KsPTvgJJVE_350.000_360.000.wav	350.000	360.000	Police car (siren)
-KsPTvgJJVE_350.000_360.000.wav	350.000	360.000	Car
-KsPTvgJJVE_350.000_360.000.wav	350.000	360.000	Truck
-PRrNx6_MD0_16.000_26.000.wav	16.000	26.000	Fire engine, fire truck (siren)
-PRrNx6_MD0_16.000_26.000.wav	16.000	26.000	Car
-PRrNx6_MD0_16.000_26.000.wav	16.000	26.000	Truck
-QBo1W2w8II_30.000_40.000.wav	30.000	40.000	Fire engine, fire truck (siren)
-QBo1W2w8II_30.000_40.000.wav	30.000	40.000	Civil defense siren
-QBo1W2w8II_30.000_40.000.wav	30.000	40.000	Police car (siren)
-QX-ddNtUvE_24.000_34.000.wav	24.000	34.000	Ambulance (siren)
-QX-ddNtUvE_24.000_34.000.wav	24.000	34.000	Fire engine, fire truck (siren)
-QX-ddNtUvE_24.000_34.000.wav	24.000	34.000	Police car (siren)
-QX-ddNtUvE_24.000_34.000.wav	24.000	34.000	Car
-QX-ddNtUvE_24.000_34.000.wav	24.000	34.000	Truck
-RlUu1el2G4_30.000_40.000.wav	30.000	40.000	Fire engine, fire truck (siren)
-RlUu1el2G4_30.000_40.000.wav	30.000	40.000	Car
-RlUu1el2G4_30.000_40.000.wav	30.000	40.000	Truck
-SkO97C81Ms_30.000_40.000.wav	30.000	40.000	Fire engine, fire truck (siren)
-SkO97C81Ms_30.000_40.000.wav	30.000	40.000	Car
-SkO97C81Ms_30.000_40.000.wav	30.000	40.000	Truck
-T8QHPXfIC4_13.000_23.000.wav	13.000	23.000	Ambulance (siren)
-T8QHPXfIC4_13.000_23.000.wav	13.000	23.000	Police car (siren)
-T8QHPXfIC4_13.000_23.000.wav	13.000	23.000	Car
-USiTjZoh88_30.000_40.000.wav	30.000	40.000	Ambulance (siren)
-USiTjZoh88_30.000_40.000.wav	30.000	40.000	Fire engine, fire truck (siren)
-USiTjZoh88_30.000_40.000.wav	30.000	40.000	Civil defense siren
-USiTjZoh88_30.000_40.000.wav	30.000	40.000	Police car (siren)
-X0vNLwH1C0_30.000_40.000.wav	30.000	40.000	Fire engine, fire truck (siren)
-X0vNLwH1C0_30.000_40.000.wav	30.000	40.000	Truck
-Z3ByS_RCwI_30.000_40.000.wav	30.000	40.000	Police car (siren)
-Z3ByS_RCwI_30.000_40.000.wav	30.000	40.000	Car
-Z3ByS_RCwI_30.000_40.000.wav	30.000	40.000	Car passing by
-ZtZOcg3s7M_30.000_40.000.wav	30.000	40.000	Fire engine, fire truck (siren)
-ZtZOcg3s7M_30.000_40.000.wav	30.000	40.000	Civil defense siren
-ZtZOcg3s7M_30.000_40.000.wav	30.000	40.000	Police car (siren)
-cOjJ0Nvtlw_23.000_33.000.wav	23.000	33.000	Car
-cOjJ0Nvtlw_23.000_33.000.wav	23.000	33.000	Bus
-cOjJ0Nvtlw_23.000_33.000.wav	23.000	33.000	Truck
-cbYvBBXE6A_12.000_22.000.wav	12.000	22.000	Car
-cbYvBBXE6A_12.000_22.000.wav	12.000	22.000	Car passing by
-cbYvBBXE6A_12.000_22.000.wav	12.000	22.000	Truck
-eYUCWGQ_wU_30.000_40.000.wav	30.000	40.000	Car
-eYUCWGQ_wU_30.000_40.000.wav	30.000	40.000	Bus
-eYUCWGQ_wU_30.000_40.000.wav	30.000	40.000	Truck
-hplTh4SGvs_90.000_100.000.wav	90.000	100.000	Fire engine, fire truck (siren)
-hplTh4SGvs_90.000_100.000.wav	90.000	100.000	Police car (siren)
-hplTh4SGvs_90.000_100.000.wav	90.000	100.000	Car
-hplTh4SGvs_90.000_100.000.wav	90.000	100.000	Truck
-nPhg6Eu4b4_30.000_40.000.wav	30.000	40.000	Ambulance (siren)
-nPhg6Eu4b4_30.000_40.000.wav	30.000	40.000	Police car (siren)
-nPhg6Eu4b4_30.000_40.000.wav	30.000	40.000	Car
-oCvKmNbhl0_30.000_40.000.wav	30.000	40.000	Fire engine, fire truck (siren)
-oCvKmNbhl0_30.000_40.000.wav	30.000	40.000	Truck
-oEGuMg8hT4_30.000_40.000.wav	30.000	40.000	Fire engine, fire truck (siren)
-oEGuMg8hT4_30.000_40.000.wav	30.000	40.000	Police car (siren)
-oEGuMg8hT4_30.000_40.000.wav	30.000	40.000	Truck
-pvaJ4DwtRg_3.000_13.000.wav	3.000	13.000	Ambulance (siren)
-pvaJ4DwtRg_3.000_13.000.wav	3.000	13.000	Fire engine, fire truck (siren)
-pvaJ4DwtRg_3.000_13.000.wav	3.000	13.000	Police car (siren)
-pvaJ4DwtRg_3.000_13.000.wav	3.000	13.000	Car
-pvaJ4DwtRg_3.000_13.000.wav	3.000	13.000	Truck
-qKRKDTbt4c_30.000_40.000.wav	30.000	40.000	Ambulance (siren)
-qKRKDTbt4c_30.000_40.000.wav	30.000	40.000	Fire engine, fire truck (siren)
-qKRKDTbt4c_30.000_40.000.wav	30.000	40.000	Police car (siren)
-qKRKDTbt4c_30.000_40.000.wav	30.000	40.000	Car
-sJn3uUxpH8_30.000_40.000.wav	30.000	40.000	Fire engine, fire truck (siren)
-sJn3uUxpH8_30.000_40.000.wav	30.000	40.000	Bus
-sJn3uUxpH8_30.000_40.000.wav	30.000	40.000	Truck
-sfn1NDHWJI_30.000_40.000.wav	30.000	40.000	Bicycle
-sfn1NDHWJI_30.000_40.000.wav	30.000	40.000	Fire engine, fire truck (siren)
-sfn1NDHWJI_30.000_40.000.wav	30.000	40.000	Civil defense siren
-sfn1NDHWJI_30.000_40.000.wav	30.000	40.000	Truck
-09rxiqNNEs_30.000_40.000.wav	30.000	40.000	Civil defense siren
-09rxiqNNEs_30.000_40.000.wav	30.000	40.000	Police car (siren)
-09rxiqNNEs_30.000_40.000.wav	30.000	40.000	Train
-3qh-WFUV2U_30.000_40.000.wav	30.000	40.000	Civil defense siren
-3qh-WFUV2U_30.000_40.000.wav	30.000	40.000	Car
-4JG_Ag99hY_30.000_40.000.wav	30.000	40.000	Civil defense siren
-60NmEaP0is_0.000_10.000.wav	0.000	10.000	Civil defense siren
-60NmEaP0is_0.000_10.000.wav	0.000	10.000	Police car (siren)
-6cTEqIcics_30.000_40.000.wav	30.000	40.000	Civil defense siren
-6iVBmb5PZU_40.000_50.000.wav	40.000	50.000	Fire engine, fire truck (siren)
-6iVBmb5PZU_40.000_50.000.wav	40.000	50.000	Civil defense siren
-6qp8NjWffE_30.000_40.000.wav	30.000	40.000	Civil defense siren
-75iY1j3MeY_30.000_40.000.wav	30.000	40.000	Fire engine, fire truck (siren)
-75iY1j3MeY_30.000_40.000.wav	30.000	40.000	Civil defense siren
-E3Yju3lrRo_30.000_40.000.wav	30.000	40.000	Fire engine, fire truck (siren)
-E3Yju3lrRo_30.000_40.000.wav	30.000	40.000	Civil defense siren
-FHSBdx5A3g_40.000_50.000.wav	40.000	50.000	Fire engine, fire truck (siren)
-FHSBdx5A3g_40.000_50.000.wav	40.000	50.000	Civil defense siren
-FHSBdx5A3g_40.000_50.000.wav	40.000	50.000	Police car (siren)
-JhSzxTdcwY_30.000_40.000.wav	30.000	40.000	Civil defense siren
-OtNDK_Hxp8_30.000_40.000.wav	30.000	40.000	Civil defense siren
-S3_I0RiG3g_30.000_40.000.wav	30.000	40.000	Civil defense siren
-YMXgDKKAwU_30.000_40.000.wav	30.000	40.000	Civil defense siren
-c7XoYM-SSY_30.000_40.000.wav	30.000	40.000	Civil defense siren
-j8EeIX9ynk_30.000_40.000.wav	30.000	40.000	Train horn
-j8EeIX9ynk_30.000_40.000.wav	30.000	40.000	Air horn, truck horn
-j8EeIX9ynk_30.000_40.000.wav	30.000	40.000	Civil defense siren
-j8EeIX9ynk_30.000_40.000.wav	30.000	40.000	Train
-t478yabOQw_30.000_40.000.wav	30.000	40.000	Fire engine, fire truck (siren)
-t478yabOQw_30.000_40.000.wav	30.000	40.000	Police car (siren)
-uIyMR9luvg_30.000_40.000.wav	30.000	40.000	Train horn
-uIyMR9luvg_30.000_40.000.wav	30.000	40.000	Fire engine, fire truck (siren)
-uIyMR9luvg_30.000_40.000.wav	30.000	40.000	Civil defense siren
-uIyMR9luvg_30.000_40.000.wav	30.000	40.000	Train
-wgP6ua-t4k_40.000_50.000.wav	40.000	50.000	Civil defense siren
-zGAb18JxmI_30.000_40.000.wav	30.000	40.000	Civil defense siren
-zGAb18JxmI_30.000_40.000.wav	30.000	40.000	Car
03NLMEMi8-I_30.000_40.000.wav	30.000	40.000	Civil defense siren
0552YhBdeXo_30.000_40.000.wav	30.000	40.000	Civil defense siren
0552YhBdeXo_30.000_40.000.wav	30.000	40.000	Police car (siren)
06TM6z3NvuY_30.000_40.000.wav	30.000	40.000	Civil defense siren
06TM6z3NvuY_30.000_40.000.wav	30.000	40.000	Train
0CUi0oGUzjU_30.000_40.000.wav	30.000	40.000	Civil defense siren
0GpUFFJNFH8_30.000_40.000.wav	30.000	40.000	Bicycle
0GpUFFJNFH8_30.000_40.000.wav	30.000	40.000	Car
0H_WUo2srs0_30.000_40.000.wav	30.000	40.000	Fire engine, fire truck (siren)
0H_WUo2srs0_30.000_40.000.wav	30.000	40.000	Civil defense siren
0H_WUo2srs0_30.000_40.000.wav	30.000	40.000	Police car (siren)
0HvYkBXQ44A_30.000_40.000.wav	30.000	40.000	Civil defense siren
0I6Mlp27_gM_30.000_40.000.wav	30.000	40.000	Ambulance (siren)
0I6Mlp27_gM_30.000_40.000.wav	30.000	40.000	Fire engine, fire truck (siren)
0I6Mlp27_gM_30.000_40.000.wav	30.000	40.000	Police car (siren)
0I6Mlp27_gM_30.000_40.000.wav	30.000	40.000	Truck
0JKcTVpby0I_30.000_40.000.wav	30.000	40.000	Civil defense siren
0PhU-PIsUMw_40.000_50.000.wav	40.000	50.000	Fire engine, fire truck (siren)
0PhU-PIsUMw_40.000_50.000.wav	40.000	50.000	Civil defense siren
0PhU-PIsUMw_40.000_50.000.wav	40.000	50.000	Police car (siren)
-122tCXtFhU_30.000_40.000.wav	30.000	40.000	Bicycle
-122tCXtFhU_30.000_40.000.wav	30.000	40.000	Car
-122tCXtFhU_30.000_40.000.wav	30.000	40.000	Truck
-1U98XBTyB4_30.000_40.000.wav	30.000	40.000	Ambulance (siren)
-1U98XBTyB4_30.000_40.000.wav	30.000	40.000	Fire engine, fire truck (siren)
-1U98XBTyB4_30.000_40.000.wav	30.000	40.000	Truck
-2GlU3e0nTU_170.000_180.000.wav	170.000	180.000	Fire engine, fire truck (siren)
-2GlU3e0nTU_170.000_180.000.wav	170.000	180.000	Police car (siren)
-2GlU3e0nTU_170.000_180.000.wav	170.000	180.000	Car
-2GlU3e0nTU_170.000_180.000.wav	170.000	180.000	Car passing by
-2GlU3e0nTU_170.000_180.000.wav	170.000	180.000	Truck
-6WqJCSmkCw_70.000_80.000.wav	70.000	80.000	Car
-6WqJCSmkCw_70.000_80.000.wav	70.000	80.000	Bus
-6WqJCSmkCw_70.000_80.000.wav	70.000	80.000	Truck
-AF7wp3ezww_140.000_150.000.wav	140.000	150.000	Fire engine, fire truck (siren)
-AF7wp3ezww_140.000_150.000.wav	140.000	150.000	Car
-AF7wp3ezww_140.000_150.000.wav	140.000	150.000	Bus
-AF7wp3ezww_140.000_150.000.wav	140.000	150.000	Truck
-AFASmp1fpk_6.000_16.000.wav	6.000	16.000	Fire engine, fire truck (siren)
-AFASmp1fpk_6.000_16.000.wav	6.000	16.000	Civil defense siren
-AFASmp1fpk_6.000_16.000.wav	6.000	16.000	Police car (siren)
-F2lk9A8B8M_30.000_40.000.wav	30.000	40.000	Police car (siren)
-F2lk9A8B8M_30.000_40.000.wav	30.000	40.000	Screaming
-F2lk9A8B8M_30.000_40.000.wav	30.000	40.000	Car
-F2lk9A8B8M_30.000_40.000.wav	30.000	40.000	Train
-GPv09qi9A8_120.000_130.000.wav	120.000	130.000	Police car (siren)
-GPv09qi9A8_120.000_130.000.wav	120.000	130.000	Car
-Hi-WpRGUpc_9.000_19.000.wav	9.000	19.000	Fire engine, fire truck (siren)
-Hi-WpRGUpc_9.000_19.000.wav	9.000	19.000	Police car (siren)
-MfBpxtGQmE_20.000_30.000.wav	20.000	30.000	Fire engine, fire truck (siren)
-MfBpxtGQmE_20.000_30.000.wav	20.000	30.000	Police car (siren)
-Pg4vVPs4bE_30.000_40.000.wav	30.000	40.000	Fire engine, fire truck (siren)
-Pg4vVPs4bE_30.000_40.000.wav	30.000	40.000	Car
-Pg4vVPs4bE_30.000_40.000.wav	30.000	40.000	Truck
-UCf_-3yzWU_290.000_300.000.wav	290.000	300.000	Ambulance (siren)
-UCf_-3yzWU_290.000_300.000.wav	290.000	300.000	Fire engine, fire truck (siren)
-UCf_-3yzWU_290.000_300.000.wav	290.000	300.000	Police car (siren)
-UCf_-3yzWU_290.000_300.000.wav	290.000	300.000	Car
-VULyMtKazE_0.000_7.000.wav	0.000	7.000	Police car (siren)
-VULyMtKazE_0.000_7.000.wav	0.000	7.000	Car
-VULyMtKazE_0.000_7.000.wav	0.000	7.000	Car passing by
-VULyMtKazE_0.000_7.000.wav	0.000	7.000	Motorcycle
-XRiLbb3Syo_2.000_12.000.wav	2.000	12.000	Fire engine, fire truck (siren)
-XRiLbb3Syo_2.000_12.000.wav	2.000	12.000	Police car (siren)
-XrpzGb6xCU_190.000_200.000.wav	190.000	200.000	Fire engine, fire truck (siren)
-XrpzGb6xCU_190.000_200.000.wav	190.000	200.000	Police car (siren)
-XrpzGb6xCU_190.000_200.000.wav	190.000	200.000	Car
-_8fdnv6Crg_30.000_40.000.wav	30.000	40.000	Car
-_8fdnv6Crg_30.000_40.000.wav	30.000	40.000	Car passing by
-az6BooRLxw_40.000_50.000.wav	40.000	50.000	Police car (siren)
-az6BooRLxw_40.000_50.000.wav	40.000	50.000	Car
-bs3c27rEtc_30.000_40.000.wav	30.000	40.000	Fire engine, fire truck (siren)
-bs3c27rEtc_30.000_40.000.wav	30.000	40.000	Police car (siren)
-bs3c27rEtc_30.000_40.000.wav	30.000	40.000	Truck
-dBTGdL4RFs_30.000_40.000.wav	30.000	40.000	Police car (siren)
-gKNRXbpAKs_30.000_40.000.wav	30.000	40.000	Fire engine, fire truck (siren)
-gKNRXbpAKs_30.000_40.000.wav	30.000	40.000	Civil defense siren
-haSUR_IUto_30.000_40.000.wav	30.000	40.000	Fire engine, fire truck (siren)
-haSUR_IUto_30.000_40.000.wav	30.000	40.000	Civil defense siren
-haSUR_IUto_30.000_40.000.wav	30.000	40.000	Police car (siren)
-l-DEfDAvNA_30.000_40.000.wav	30.000	40.000	Screaming
-l-DEfDAvNA_30.000_40.000.wav	30.000	40.000	Car
-l-DEfDAvNA_30.000_40.000.wav	30.000	40.000	Bus
-lWs7_49gss_30.000_40.000.wav	30.000	40.000	Ambulance (siren)
-lWs7_49gss_30.000_40.000.wav	30.000	40.000	Fire engine, fire truck (siren)
-lWs7_49gss_30.000_40.000.wav	30.000	40.000	Police car (siren)
-lWs7_49gss_30.000_40.000.wav	30.000	40.000	Car
-lWs7_49gss_30.000_40.000.wav	30.000	40.000	Truck
-lhnhB4rbGw_3.000_13.000.wav	3.000	13.000	Car alarm
-lhnhB4rbGw_3.000_13.000.wav	3.000	13.000	Police car (siren)
-lhnhB4rbGw_3.000_13.000.wav	3.000	13.000	Screaming
-rkJeBBmiTQ_60.000_70.000.wav	60.000	70.000	Fire engine, fire truck (siren)
-rkJeBBmiTQ_60.000_70.000.wav	60.000	70.000	Police car (siren)
-rkJeBBmiTQ_60.000_70.000.wav	60.000	70.000	Car
-rkJeBBmiTQ_60.000_70.000.wav	60.000	70.000	Truck
-rs7FPxzc6w_8.000_18.000.wav	8.000	18.000	Ambulance (siren)
-rs7FPxzc6w_8.000_18.000.wav	8.000	18.000	Fire engine, fire truck (siren)
-rs7FPxzc6w_8.000_18.000.wav	8.000	18.000	Police car (siren)
-rs7FPxzc6w_8.000_18.000.wav	8.000	18.000	Truck
-20uudT97E0_30.000_40.000.wav	30.000	40.000	Bicycle
-20uudT97E0_30.000_40.000.wav	30.000	40.000	Screaming
-20uudT97E0_30.000_40.000.wav	30.000	40.000	Car
-20uudT97E0_30.000_40.000.wav	30.000	40.000	Bus
-3bGlOhRkAo_140.000_150.000.wav	140.000	150.000	Screaming
-3bGlOhRkAo_140.000_150.000.wav	140.000	150.000	Car
-4pUrlMafww_1.000_11.000.wav	1.000	11.000	Fire engine, fire truck (siren)
-4pUrlMafww_1.000_11.000.wav	1.000	11.000	Police car (siren)
-4pUrlMafww_1.000_11.000.wav	1.000	11.000	Screaming
-7R0ybQQAHg_60.000_70.000.wav	60.000	70.000	Air horn, truck horn
-7R0ybQQAHg_60.000_70.000.wav	60.000	70.000	Screaming
-7gojlG6bE4_30.000_40.000.wav	30.000	40.000	Car
-7gojlG6bE4_30.000_40.000.wav	30.000	40.000	Car passing by
-GI5PbO6j50_30.000_40.000.wav	30.000	40.000	Bicycle
-GI5PbO6j50_30.000_40.000.wav	30.000	40.000	Screaming
-GI5PbO6j50_30.000_40.000.wav	30.000	40.000	Car
-GI5PbO6j50_30.000_40.000.wav	30.000	40.000	Car passing by
-MuIRudOtxw_30.000_40.000.wav	30.000	40.000	Screaming
-MuIRudOtxw_30.000_40.000.wav	30.000	40.000	Train
-WfQBr42ymw_30.000_40.000.wav	30.000	40.000	Police car (siren)
-WfQBr42ymw_30.000_40.000.wav	30.000	40.000	Screaming
-WfQBr42ymw_30.000_40.000.wav	30.000	40.000	Car
-YOjIgYspsY_30.000_40.000.wav	30.000	40.000	Car
-YOjIgYspsY_30.000_40.000.wav	30.000	40.000	Car passing by
-g_AcRVFfXU_30.000_40.000.wav	30.000	40.000	Train horn
-g_AcRVFfXU_30.000_40.000.wav	30.000	40.000	Screaming
-g_AcRVFfXU_30.000_40.000.wav	30.000	40.000	Train
-gb5uvwsRpI_30.000_40.000.wav	30.000	40.000	Bicycle
-gb5uvwsRpI_30.000_40.000.wav	30.000	40.000	Screaming
-gb5uvwsRpI_30.000_40.000.wav	30.000	40.000	Car
-iAwqlQ3TEk_0.000_3.000.wav	0.000	3.000	Screaming
-iAwqlQ3TEk_0.000_3.000.wav	0.000	3.000	Car
-nJoxcmxz5g_30.000_40.000.wav	30.000	40.000	Screaming
-nJoxcmxz5g_30.000_40.000.wav	30.000	40.000	Car
-pwgypWE-J8_30.000_40.000.wav	30.000	40.000	Ambulance (siren)
-pwgypWE-J8_30.000_40.000.wav	30.000	40.000	Fire engine, fire truck (siren)
-pwgypWE-J8_30.000_40.000.wav	30.000	40.000	Police car (siren)
-pwgypWE-J8_30.000_40.000.wav	30.000	40.000	Car
-pzasCR0kpc_30.000_40.000.wav	30.000	40.000	Screaming
-pzasCR0kpc_30.000_40.000.wav	30.000	40.000	Car
-sUgHKZQKYc_30.000_40.000.wav	30.000	40.000	Screaming
-uazzQEmQ7c_0.000_10.000.wav	0.000	10.000	Fire engine, fire truck (siren)
-uazzQEmQ7c_0.000_10.000.wav	0.000	10.000	Screaming
-uazzQEmQ7c_0.000_10.000.wav	0.000	10.000	Truck
-vHJU1wDRsY_30.000_40.000.wav	30.000	40.000	Police car (siren)
-vHJU1wDRsY_30.000_40.000.wav	30.000	40.000	Car
0-RnTXpp8Q0_30.000_40.000.wav	30.000	40.000	Car
0-RnTXpp8Q0_30.000_40.000.wav	30.000	40.000	Bus
09YQukdYVI4_30.000_40.000.wav	30.000	40.000	Car
09YQukdYVI4_30.000_40.000.wav	30.000	40.000	Car passing by
0Ees8KFCUXM_30.000_40.000.wav	30.000	40.000	Skateboard
0Ees8KFCUXM_30.000_40.000.wav	30.000	40.000	Car
0EymGuYWkFk_30.000_40.000.wav	30.000	40.000	Bicycle
0EymGuYWkFk_30.000_40.000.wav	30.000	40.000	Screaming
0EymGuYWkFk_30.000_40.000.wav	30.000	40.000	Car
0Nw1OyTsaAo_30.000_40.000.wav	30.000	40.000	Car
0Nw1OyTsaAo_30.000_40.000.wav	30.000	40.000	Truck
0YnOMAls83g_30.000_40.000.wav	30.000	40.000	Car
0YnOMAls83g_30.000_40.000.wav	30.000	40.000	Car passing by
0YnOMAls83g_30.000_40.000.wav	30.000	40.000	Train
0_gyUQkLCY8_30.000_40.000.wav	30.000	40.000	Car
0_gyUQkLCY8_30.000_40.000.wav	30.000	40.000	Car passing by
0_hnDV2SHBI_7.000_17.000.wav	7.000	17.000	Skateboard
0cqEaAkbrbI_80.000_90.000.wav	80.000	90.000	Screaming
0cqEaAkbrbI_80.000_90.000.wav	80.000	90.000	Car
0cqEaAkbrbI_80.000_90.000.wav	80.000	90.000	Car passing by
0hC044mDsWA_30.000_40.000.wav	30.000	40.000	Car
0hC044mDsWA_30.000_40.000.wav	30.000	40.000	Car passing by
0hC044mDsWA_30.000_40.000.wav	30.000	40.000	Truck
0kQANiakiH0_30.000_40.000.wav	30.000	40.000	Police car (siren)
0kQANiakiH0_30.000_40.000.wav	30.000	40.000	Screaming
0kQANiakiH0_30.000_40.000.wav	30.000	40.000	Car
0kQANiakiH0_30.000_40.000.wav	30.000	40.000	Car passing by
0rVBXpbgO8s_30.000_40.000.wav	30.000	40.000	Air horn, truck horn
0rVBXpbgO8s_30.000_40.000.wav	30.000	40.000	Police car (siren)
0rVBXpbgO8s_30.000_40.000.wav	30.000	40.000	Screaming
---lTs1dxhU_30.000_40.000.wav	30.000	40.000	Fire engine, fire truck (siren)
---lTs1dxhU_30.000_40.000.wav	30.000	40.000	Civil defense siren
---lTs1dxhU_30.000_40.000.wav	30.000	40.000	Car
--330hg-Ocw_30.000_40.000.wav	30.000	40.000	Car
--330hg-Ocw_30.000_40.000.wav	30.000	40.000	Truck
--8puiAGLhs_30.000_40.000.wav	30.000	40.000	Bicycle
--8puiAGLhs_30.000_40.000.wav	30.000	40.000	Screaming
--8puiAGLhs_30.000_40.000.wav	30.000	40.000	Car
--9VR_F7CtY_30.000_40.000.wav	30.000	40.000	Car
--9VR_F7CtY_30.000_40.000.wav	30.000	40.000	Car passing by
--9VR_F7CtY_30.000_40.000.wav	30.000	40.000	Bus
--F70LWypIg_30.000_40.000.wav	30.000	40.000	Bicycle
--F70LWypIg_30.000_40.000.wav	30.000	40.000	Skateboard
--F70LWypIg_30.000_40.000.wav	30.000	40.000	Car
--P4wuph3Mc_0.000_8.000.wav	0.000	8.000	Car
--P4wuph3Mc_0.000_8.000.wav	0.000	8.000	Car passing by
--P4wuph3Mc_0.000_8.000.wav	0.000	8.000	Truck
--QvRbvnbUE_30.000_40.000.wav	30.000	40.000	Car
--QvRbvnbUE_30.000_40.000.wav	30.000	40.000	Car passing by
--QvRbvnbUE_30.000_40.000.wav	30.000	40.000	Bus
--SeOZy3Yik_30.000_40.000.wav	30.000	40.000	Car
--SeOZy3Yik_30.000_40.000.wav	30.000	40.000	Car passing by
--SeOZy3Yik_30.000_40.000.wav	30.000	40.000	Bus
--SeOZy3Yik_30.000_40.000.wav	30.000	40.000	Truck
--Zz7BgxSUg_30.000_40.000.wav	30.000	40.000	Car
--e0Vu_ruTc_30.000_40.000.wav	30.000	40.000	Car
--e0Vu_ruTc_30.000_40.000.wav	30.000	40.000	Bus
--e0Vu_ruTc_30.000_40.000.wav	30.000	40.000	Truck
--iFD6IyQW8_30.000_40.000.wav	30.000	40.000	Car
--iFD6IyQW8_30.000_40.000.wav	30.000	40.000	Car passing by
--jGnLqFsQ4_24.000_34.000.wav	24.000	34.000	Car
--jc0NAxK8M_30.000_40.000.wav	30.000	40.000	Car
--jc0NAxK8M_30.000_40.000.wav	30.000	40.000	Car passing by
--v1WjOJv-w_150.000_160.000.wav	150.000	160.000	Car
--v1WjOJv-w_150.000_160.000.wav	150.000	160.000	Truck
--xDffQ9Mwo_30.000_40.000.wav	30.000	40.000	Car
--xDffQ9Mwo_30.000_40.000.wav	30.000	40.000	Truck
--xDffQ9Mwo_30.000_40.000.wav	30.000	40.000	Motorcycle
--yaQA8d1dI_6.000_16.000.wav	6.000	16.000	Car
--yaQA8d1dI_6.000_16.000.wav	6.000	16.000	Bus
--yaQA8d1dI_6.000_16.000.wav	6.000	16.000	Truck
--zLzL0sq3M_30.000_40.000.wav	30.000	40.000	Car
--zLzL0sq3M_30.000_40.000.wav	30.000	40.000	Motorcycle
-0-jXXldDOU_10.000_20.000.wav	10.000	20.000	Car
-03ld83JliM_29.000_39.000.wav	29.000	39.000	Car
-03ld83JliM_29.000_39.000.wav	29.000	39.000	Bus
-0B-egfXU7E_30.000_40.000.wav	30.000	40.000	Car
-0Bkyt8iZ1I_8.000_18.000.wav	8.000	18.000	Fire engine, fire truck (siren)
-0Bkyt8iZ1I_8.000_18.000.wav	8.000	18.000	Car
-0Bkyt8iZ1I_8.000_18.000.wav	8.000	18.000	Truck
-0CIk-OOp7Y_30.000_40.000.wav	30.000	40.000	Car
-0CIk-OOp7Y_30.000_40.000.wav	30.000	40.000	Car passing by
-0CRb8H4hzY_4.000_14.000.wav	4.000	14.000	Bicycle
-0CRb8H4hzY_4.000_14.000.wav	4.000	14.000	Skateboard
-0CRb8H4hzY_4.000_14.000.wav	4.000	14.000	Car
-0CY5NWBHyY_20.000_30.000.wav	20.000	30.000	Car
-0CY5NWBHyY_20.000_30.000.wav	20.000	30.000	Car passing by
-0CY5NWBHyY_20.000_30.000.wav	20.000	30.000	Truck
-0HsrVfb5vc_20.000_30.000.wav	20.000	30.000	Car
-0HsrVfb5vc_20.000_30.000.wav	20.000	30.000	Truck
-0I89-H0AFo_26.000_36.000.wav	26.000	36.000	Car
-0I89-H0AFo_26.000_36.000.wav	26.000	36.000	Truck
-0P6VDQ1YDs_80.000_90.000.wav	80.000	90.000	Car
-0PrEsytvc0_30.000_40.000.wav	30.000	40.000	Truck
-0PrEsytvc0_30.000_40.000.wav	30.000	40.000	Train
-0RqnaXZu_E_30.000_40.000.wav	30.000	40.000	Car
-0RqnaXZu_E_30.000_40.000.wav	30.000	40.000	Bus
-0Yynyhm1AY_14.000_24.000.wav	14.000	24.000	Car
-0Yynyhm1AY_14.000_24.000.wav	14.000	24.000	Car passing by
-0Yynyhm1AY_14.000_24.000.wav	14.000	24.000	Truck
--zbPxnl27o_20.000_30.000.wav	20.000	30.000	Bicycle
--zbPxnl27o_20.000_30.000.wav	20.000	30.000	Car
--zbPxnl27o_20.000_30.000.wav	20.000	30.000	Car passing by
--zbPxnl27o_20.000_30.000.wav	20.000	30.000	Truck
-0MnD7jBvkE_0.000_4.000.wav	0.000	4.000	Car
-0MnD7jBvkE_0.000_4.000.wav	0.000	4.000	Car passing by
-0MnD7jBvkE_0.000_4.000.wav	0.000	4.000	Truck
-0U3c4PN8sc_30.000_40.000.wav	30.000	40.000	Car
-0U3c4PN8sc_30.000_40.000.wav	30.000	40.000	Car passing by
-0U3c4PN8sc_30.000_40.000.wav	30.000	40.000	Bus
-0U3c4PN8sc_30.000_40.000.wav	30.000	40.000	Truck
-10fWp7Pqs4_30.000_40.000.wav	30.000	40.000	Car
-10fWp7Pqs4_30.000_40.000.wav	30.000	40.000	Bus
-10fWp7Pqs4_30.000_40.000.wav	30.000	40.000	Truck
-10fWp7Pqs4_30.000_40.000.wav	30.000	40.000	Train
-14BFlDzjS4_6.000_16.000.wav	6.000	16.000	Car
-14BFlDzjS4_6.000_16.000.wav	6.000	16.000	Car passing by
-15nPYi2v1g_30.000_40.000.wav	30.000	40.000	Car
-15nPYi2v1g_30.000_40.000.wav	30.000	40.000	Truck
-15nPYi2v1g_30.000_40.000.wav	30.000	40.000	Motorcycle
-19pq3HJoBM_30.000_40.000.wav	30.000	40.000	Car
-19pq3HJoBM_30.000_40.000.wav	30.000	40.000	Car passing by
-1BrkFLHD74_19.000_29.000.wav	19.000	29.000	Car
-1BrkFLHD74_19.000_29.000.wav	19.000	29.000	Car passing by
-1BrkFLHD74_19.000_29.000.wav	19.000	29.000	Truck
-1BrkFLHD74_19.000_29.000.wav	19.000	29.000	Motorcycle
-1HlfoHZCEE_6.000_16.000.wav	6.000	16.000	Car
-1HlfoHZCEE_6.000_16.000.wav	6.000	16.000	Car passing by
-1HlfoHZCEE_6.000_16.000.wav	6.000	16.000	Truck
-1McjOPUzbo_30.000_40.000.wav	30.000	40.000	Car
-1sGSNmgiPs_4.000_14.000.wav	4.000	14.000	Car
-1sGSNmgiPs_4.000_14.000.wav	4.000	14.000	Truck
-2-luek6dI8_30.000_40.000.wav	30.000	40.000	Car
-21-RfxQscI_30.000_40.000.wav	30.000	40.000	Car
-21-RfxQscI_30.000_40.000.wav	30.000	40.000	Car passing by
-21-RfxQscI_30.000_40.000.wav	30.000	40.000	Bus
-25LkbSjEos_30.000_40.000.wav	30.000	40.000	Car
-2LJWaL2PuA_30.000_40.000.wav	30.000	40.000	Car
-2ZbvsBSZmY_2.000_12.000.wav	2.000	12.000	Bus
-2ZbvsBSZmY_2.000_12.000.wav	2.000	12.000	Truck
-2cz2qQDmr4_30.000_40.000.wav	30.000	40.000	Car
-2cz2qQDmr4_30.000_40.000.wav	30.000	40.000	Car passing by
-31KUAOSg5U_5.000_15.000.wav	5.000	15.000	Car
-31KUAOSg5U_5.000_15.000.wav	5.000	15.000	Car passing by
-35qBdzN9ck_30.000_40.000.wav	30.000	40.000	Car
-35qBdzN9ck_30.000_40.000.wav	30.000	40.000	Car passing by
-3929cmVE20_30.000_40.000.wav	30.000	40.000	Car
-3M-k4nIYIM_30.000_40.000.wav	30.000	40.000	Car
-3MNphBfq_0_30.000_40.000.wav	30.000	40.000	Car
-3MNphBfq_0_30.000_40.000.wav	30.000	40.000	Truck
-3_RSVYKkkk_30.000_40.000.wav	30.000	40.000	Car
-3_RSVYKkkk_30.000_40.000.wav	30.000	40.000	Car passing by
-3exNVlj92w_30.000_40.000.wav	30.000	40.000	Car
-3exNVlj92w_30.000_40.000.wav	30.000	40.000	Motorcycle
--0w1YA1Hm4_30.000_40.000.wav	30.000	40.000	Car
--0w1YA1Hm4_30.000_40.000.wav	30.000	40.000	Car passing by
-0_vEaaXndY_11.000_21.000.wav	11.000	21.000	Bicycle
-0_vEaaXndY_11.000_21.000.wav	11.000	21.000	Car
-0_vEaaXndY_11.000_21.000.wav	11.000	21.000	Truck
-5GcZwBvBdI_30.000_40.000.wav	30.000	40.000	Car
-5GcZwBvBdI_30.000_40.000.wav	30.000	40.000	Car passing by
-5GcZwBvBdI_30.000_40.000.wav	30.000	40.000	Bus
-5digoPWn6U_8.000_18.000.wav	8.000	18.000	Car
-5digoPWn6U_8.000_18.000.wav	8.000	18.000	Bus
-5digoPWn6U_8.000_18.000.wav	8.000	18.000	Truck
-5digoPWn6U_8.000_18.000.wav	8.000	18.000	Motorcycle
-79l4w4DsYM_30.000_40.000.wav	30.000	40.000	Car
-79l4w4DsYM_30.000_40.000.wav	30.000	40.000	Bus
-7B4pbkIEas_30.000_40.000.wav	30.000	40.000	Fire engine, fire truck (siren)
-7B4pbkIEas_30.000_40.000.wav	30.000	40.000	Car
-7B4pbkIEas_30.000_40.000.wav	30.000	40.000	Truck
-8YTu7ZGA2w_30.000_40.000.wav	30.000	40.000	Car
-8YTu7ZGA2w_30.000_40.000.wav	30.000	40.000	Bus
-8YTu7ZGA2w_30.000_40.000.wav	30.000	40.000	Truck
-8YTu7ZGA2w_30.000_40.000.wav	30.000	40.000	Train
-93IM29_8rs_14.000_24.000.wav	14.000	24.000	Car
-93IM29_8rs_14.000_24.000.wav	14.000	24.000	Bus
-93IM29_8rs_14.000_24.000.wav	14.000	24.000	Truck
-9GhPxGkpio_26.000_36.000.wav	26.000	36.000	Car
-9GhPxGkpio_26.000_36.000.wav	26.000	36.000	Bus
-9GhPxGkpio_26.000_36.000.wav	26.000	36.000	Truck
-9J9xs7LM9Y_25.000_35.000.wav	25.000	35.000	Car
-9J9xs7LM9Y_25.000_35.000.wav	25.000	35.000	Bus
-9J9xs7LM9Y_25.000_35.000.wav	25.000	35.000	Truck
-AY_lZLYJR8_8.000_18.000.wav	8.000	18.000	Car
-AY_lZLYJR8_8.000_18.000.wav	8.000	18.000	Bus
-AY_lZLYJR8_8.000_18.000.wav	8.000	18.000	Truck
-AdQBgtN_4E_30.000_40.000.wav	30.000	40.000	Bus
-AdQBgtN_4E_30.000_40.000.wav	30.000	40.000	Train
-BxfsWlPUPY_30.000_40.000.wav	30.000	40.000	Bicycle
-BxfsWlPUPY_30.000_40.000.wav	30.000	40.000	Skateboard
-BxfsWlPUPY_30.000_40.000.wav	30.000	40.000	Car
-CgCr8Eknm0_14.000_24.000.wav	14.000	24.000	Car
-CgCr8Eknm0_14.000_24.000.wav	14.000	24.000	Bus
-CnsvTDIXdE_20.000_30.000.wav	20.000	30.000	Car
-CnsvTDIXdE_20.000_30.000.wav	20.000	30.000	Bus
-CnsvTDIXdE_20.000_30.000.wav	20.000	30.000	Truck
-CpMlnGhxEU_0.000_9.000.wav	0.000	9.000	Car
-CpMlnGhxEU_0.000_9.000.wav	0.000	9.000	Truck
-DP_cv0x_Ng_30.000_40.000.wav	30.000	40.000	Car
-DP_cv0x_Ng_30.000_40.000.wav	30.000	40.000	Truck
-FEXRjcryZE_30.000_40.000.wav	30.000	40.000	Reversing beeps
-FEXRjcryZE_30.000_40.000.wav	30.000	40.000	Car
-FEXRjcryZE_30.000_40.000.wav	30.000	40.000	Truck
-Fp2-w-iLiE_20.000_30.000.wav	20.000	30.000	Bus
-Fp2-w-iLiE_20.000_30.000.wav	20.000	30.000	Truck
-Fp2-w-iLiE_20.000_30.000.wav	20.000	30.000	Train
-GLk6G9U09A_30.000_40.000.wav	30.000	40.000	Car
-GLk6G9U09A_30.000_40.000.wav	30.000	40.000	Bus
-Ga9sSkpngg_30.000_40.000.wav	30.000	40.000	Car
-Ga9sSkpngg_30.000_40.000.wav	30.000	40.000	Bus
-Ga9sSkpngg_30.000_40.000.wav	30.000	40.000	Truck
-H8V23dZoLo_0.000_10.000.wav	0.000	10.000	Car
-H8V23dZoLo_0.000_10.000.wav	0.000	10.000	Bus
-H8V23dZoLo_0.000_10.000.wav	0.000	10.000	Truck
-H8V23dZoLo_0.000_10.000.wav	0.000	10.000	Train
-HeQfwKbFzg_30.000_40.000.wav	30.000	40.000	Civil defense siren
-HeQfwKbFzg_30.000_40.000.wav	30.000	40.000	Car
-HeQfwKbFzg_30.000_40.000.wav	30.000	40.000	Car passing by
-HeQfwKbFzg_30.000_40.000.wav	30.000	40.000	Bus
-HzzEuFBiDU_30.000_40.000.wav	30.000	40.000	Car
-HzzEuFBiDU_30.000_40.000.wav	30.000	40.000	Car passing by
-HzzEuFBiDU_30.000_40.000.wav	30.000	40.000	Bus
-I4INTpMKT4_30.000_40.000.wav	30.000	40.000	Car
-I4INTpMKT4_30.000_40.000.wav	30.000	40.000	Car passing by
-I4INTpMKT4_30.000_40.000.wav	30.000	40.000	Bus
-II-7qJxKPc_21.000_31.000.wav	21.000	31.000	Car
-II-7qJxKPc_21.000_31.000.wav	21.000	31.000	Bus
-II-7qJxKPc_21.000_31.000.wav	21.000	31.000	Truck
-LnpzyfTkF8_30.000_40.000.wav	30.000	40.000	Car
-LnpzyfTkF8_30.000_40.000.wav	30.000	40.000	Car passing by
-LnpzyfTkF8_30.000_40.000.wav	30.000	40.000	Bus
-OgRshQfsi8_30.000_40.000.wav	30.000	40.000	Car
-OgRshQfsi8_30.000_40.000.wav	30.000	40.000	Truck
-P53lJ1ViWk_30.000_40.000.wav	30.000	40.000	Train horn
-P53lJ1ViWk_30.000_40.000.wav	30.000	40.000	Car
-P53lJ1ViWk_30.000_40.000.wav	30.000	40.000	Bus
-P53lJ1ViWk_30.000_40.000.wav	30.000	40.000	Train
-PvNUvEov4Q_30.000_40.000.wav	30.000	40.000	Car
-PvNUvEov4Q_30.000_40.000.wav	30.000	40.000	Bus
--12UOziMF0_30.000_40.000.wav	30.000	40.000	Bus
--12UOziMF0_30.000_40.000.wav	30.000	40.000	Truck
--73E04RpiQ_0.000_9.000.wav	0.000	9.000	Car
--73E04RpiQ_0.000_9.000.wav	0.000	9.000	Bus
--73E04RpiQ_0.000_9.000.wav	0.000	9.000	Truck
--J947HxQVM_0.000_9.000.wav	0.000	9.000	Car
--J947HxQVM_0.000_9.000.wav	0.000	9.000	Car passing by
--J947HxQVM_0.000_9.000.wav	0.000	9.000	Bus
--bD1DVKlzQ_30.000_40.000.wav	30.000	40.000	Car
--bD1DVKlzQ_30.000_40.000.wav	30.000	40.000	Car passing by
--bD1DVKlzQ_30.000_40.000.wav	30.000	40.000	Train
--ivFZu-hlc_30.000_40.000.wav	30.000	40.000	Car
--ivFZu-hlc_30.000_40.000.wav	30.000	40.000	Bus
--ivFZu-hlc_30.000_40.000.wav	30.000	40.000	Truck
--wuU7kzB5o_30.000_40.000.wav	30.000	40.000	Car
--wuU7kzB5o_30.000_40.000.wav	30.000	40.000	Car passing by
-0B_CYyG5Dg_30.000_40.000.wav	30.000	40.000	Car
-0B_CYyG5Dg_30.000_40.000.wav	30.000	40.000	Truck
-0JqTq_4jaE_40.000_50.000.wav	40.000	50.000	Car
-0JqTq_4jaE_40.000_50.000.wav	40.000	50.000	Truck
-0MrEZKJ5MQ_30.000_40.000.wav	30.000	40.000	Fire engine, fire truck (siren)
-0MrEZKJ5MQ_30.000_40.000.wav	30.000	40.000	Police car (siren)
-0MrEZKJ5MQ_30.000_40.000.wav	30.000	40.000	Car
-0MrEZKJ5MQ_30.000_40.000.wav	30.000	40.000	Car passing by
-0awng26xQ8_30.000_40.000.wav	30.000	40.000	Car
-0awng26xQ8_30.000_40.000.wav	30.000	40.000	Car passing by
-0awng26xQ8_30.000_40.000.wav	30.000	40.000	Bus
-0dq1Vg9rd8_30.000_40.000.wav	30.000	40.000	Truck
-0wkq7CUYME_310.000_320.000.wav	310.000	320.000	Car
-14RXdkqYuI_30.000_40.000.wav	30.000	40.000	Car
-14RXdkqYuI_30.000_40.000.wav	30.000	40.000	Truck
-14RXdkqYuI_30.000_40.000.wav	30.000	40.000	Motorcycle
-1B3CzpiW1M_30.000_40.000.wav	30.000	40.000	Car
-1B3CzpiW1M_30.000_40.000.wav	30.000	40.000	Bus
-1B3CzpiW1M_30.000_40.000.wav	30.000	40.000	Truck
-1Q21cZhHDE_30.000_40.000.wav	30.000	40.000	Car
-1Q21cZhHDE_30.000_40.000.wav	30.000	40.000	Bus
-1Q21cZhHDE_30.000_40.000.wav	30.000	40.000	Truck
-1ZXXnBXJ6c_8.000_18.000.wav	8.000	18.000	Car
-1ZXXnBXJ6c_8.000_18.000.wav	8.000	18.000	Truck
-1s0DWApvT8_30.000_40.000.wav	30.000	40.000	Car
-1s0DWApvT8_30.000_40.000.wav	30.000	40.000	Truck
-1s84_2Vn4g_30.000_40.000.wav	30.000	40.000	Car
-1s84_2Vn4g_30.000_40.000.wav	30.000	40.000	Bus
-1s84_2Vn4g_30.000_40.000.wav	30.000	40.000	Truck
-26ansJluVo_30.000_40.000.wav	30.000	40.000	Car
-26ansJluVo_30.000_40.000.wav	30.000	40.000	Motorcycle
-2EscdO0l-A_30.000_40.000.wav	30.000	40.000	Car
-2EscdO0l-A_30.000_40.000.wav	30.000	40.000	Car passing by
-2NBZUCcvm0_30.000_40.000.wav	30.000	40.000	Car
-2NBZUCcvm0_30.000_40.000.wav	30.000	40.000	Car passing by
-2vmprMUw10_30.000_40.000.wav	30.000	40.000	Car
-2x4TB8VWvE_18.000_28.000.wav	18.000	28.000	Car
-2x4TB8VWvE_18.000_28.000.wav	18.000	28.000	Truck
-39q4y0tt-g_30.000_40.000.wav	30.000	40.000	Car
-39q4y0tt-g_30.000_40.000.wav	30.000	40.000	Truck
-3N5rjPrNCc_190.000_200.000.wav	190.000	200.000	Car
-3N5rjPrNCc_190.000_200.000.wav	190.000	200.000	Bus
-3N5rjPrNCc_190.000_200.000.wav	190.000	200.000	Truck
-3NcUIyJtFY_30.000_40.000.wav	30.000	40.000	Car
-3NcUIyJtFY_30.000_40.000.wav	30.000	40.000	Bus
-3NcUIyJtFY_30.000_40.000.wav	30.000	40.000	Train
-3PplV0ErOk_30.000_40.000.wav	30.000	40.000	Car
-3PplV0ErOk_30.000_40.000.wav	30.000	40.000	Bus
-3PplV0ErOk_30.000_40.000.wav	30.000	40.000	Truck
-3gSkrDKNSA_27.000_37.000.wav	27.000	37.000	Car
-3gSkrDKNSA_27.000_37.000.wav	27.000	37.000	Car passing by
--p-rk_HBuU_30.000_40.000.wav	30.000	40.000	Car
--p-rk_HBuU_30.000_40.000.wav	30.000	40.000	Truck
--p-rk_HBuU_30.000_40.000.wav	30.000	40.000	Motorcycle
-1WK72M4xeg_220.000_230.000.wav	220.000	230.000	Car
-1WK72M4xeg_220.000_230.000.wav	220.000	230.000	Motorcycle
-1XfuJcdvfg_30.000_40.000.wav	30.000	40.000	Car
-1XfuJcdvfg_30.000_40.000.wav	30.000	40.000	Truck
-3XWBAmjmaQ_11.000_21.000.wav	11.000	21.000	Car
-4-87UgJcUw_70.000_80.000.wav	70.000	80.000	Motorcycle
-4D3Gkyisyc_30.000_40.000.wav	30.000	40.000	Car
-4D3Gkyisyc_30.000_40.000.wav	30.000	40.000	Motorcycle
-5k5GyHd2So_4.000_14.000.wav	4.000	14.000	Car
-5k5GyHd2So_4.000_14.000.wav	4.000	14.000	Car passing by
-6A2L1U9b5Y_54.000_64.000.wav	54.000	64.000	Car
-6Yfati1N10_80.000_90.000.wav	80.000	90.000	Car
-6Yfati1N10_80.000_90.000.wav	80.000	90.000	Car passing by
-7_o_GhpZpM_12.000_22.000.wav	12.000	22.000	Car
-7_o_GhpZpM_12.000_22.000.wav	12.000	22.000	Truck
-7_o_GhpZpM_12.000_22.000.wav	12.000	22.000	Motorcycle
-7rZwMK6uSs_70.000_80.000.wav	70.000	80.000	Car
-85f5DKKfSo_30.000_40.000.wav	30.000	40.000	Car
-85f5DKKfSo_30.000_40.000.wav	30.000	40.000	Car passing by
-85f5DKKfSo_30.000_40.000.wav	30.000	40.000	Motorcycle
-9Smdrt5zwk_40.000_50.000.wav	40.000	50.000	Car
-9Smdrt5zwk_40.000_50.000.wav	40.000	50.000	Bus
-9Smdrt5zwk_40.000_50.000.wav	40.000	50.000	Truck
-9gZLVDKpnE_30.000_40.000.wav	30.000	40.000	Car
-9gZLVDKpnE_30.000_40.000.wav	30.000	40.000	Motorcycle
-BGebo8V4XY_30.000_40.000.wav	30.000	40.000	Car
-BGebo8V4XY_30.000_40.000.wav	30.000	40.000	Truck
-BGebo8V4XY_30.000_40.000.wav	30.000	40.000	Motorcycle
-DdiduB5B_w_190.000_200.000.wav	190.000	200.000	Car
-DdiduB5B_w_190.000_200.000.wav	190.000	200.000	Car passing by
-HIPq7T3eFI_11.000_21.000.wav	11.000	21.000	Car
-HIPq7T3eFI_11.000_21.000.wav	11.000	21.000	Motorcycle
-H_3oEkKe0M_50.000_60.000.wav	50.000	60.000	Car
-H_3oEkKe0M_50.000_60.000.wav	50.000	60.000	Truck
-H_3oEkKe0M_50.000_60.000.wav	50.000	60.000	Motorcycle
-HmuMoykRqA_500.000_510.000.wav	500.000	510.000	Car
-HmuMoykRqA_500.000_510.000.wav	500.000	510.000	Bus
-HmuMoykRqA_500.000_510.000.wav	500.000	510.000	Truck
-IMRE_psvtI_30.000_40.000.wav	30.000	40.000	Motorcycle
-Ie4LSPDEF4_6.000_16.000.wav	6.000	16.000	Car
-Ie4LSPDEF4_6.000_16.000.wav	6.000	16.000	Car passing by
-Ie4LSPDEF4_6.000_16.000.wav	6.000	16.000	Motorcycle
-J0F29UCZiA_70.000_80.000.wav	70.000	80.000	Car
-J0F29UCZiA_70.000_80.000.wav	70.000	80.000	Motorcycle
-KFCJ7ydu2E_0.000_10.000.wav	0.000	10.000	Motorcycle
-KmDAgYb0Uo_100.000_110.000.wav	100.000	110.000	Car
-KmDAgYb0Uo_100.000_110.000.wav	100.000	110.000	Car passing by
-KmDAgYb0Uo_100.000_110.000.wav	100.000	110.000	Truck
-KmDAgYb0Uo_100.000_110.000.wav	100.000	110.000	Motorcycle
-P7iW3WzNfc_400.000_410.000.wav	400.000	410.000	Truck
-P7iW3WzNfc_400.000_410.000.wav	400.000	410.000	Motorcycle
-QMAKXzIGx4_10.000_20.000.wav	10.000	20.000	Skateboard
-QMAKXzIGx4_10.000_20.000.wav	10.000	20.000	Police car (siren)
-S-5z2vYtxw_10.000_20.000.wav	10.000	20.000	Motorcycle
-SlL0NZh51w_30.000_40.000.wav	30.000	40.000	Car
-SlL0NZh51w_30.000_40.000.wav	30.000	40.000	Motorcycle
-US2mpJxbj4_30.000_40.000.wav	30.000	40.000	Car
-US2mpJxbj4_30.000_40.000.wav	30.000	40.000	Car passing by
-VO-C9C0uqY_1.000_11.000.wav	1.000	11.000	Car
-VO-C9C0uqY_1.000_11.000.wav	1.000	11.000	Car passing by
--H_-CEB2wA_30.000_40.000.wav	30.000	40.000	Car
--H_-CEB2wA_30.000_40.000.wav	30.000	40.000	Bus
--H_-CEB2wA_30.000_40.000.wav	30.000	40.000	Truck
--H_-CEB2wA_30.000_40.000.wav	30.000	40.000	Train
-1VsFy0eVJs_30.000_40.000.wav	30.000	40.000	Bus
-1VsFy0eVJs_30.000_40.000.wav	30.000	40.000	Truck
-1VsFy0eVJs_30.000_40.000.wav	30.000	40.000	Train
-1X7kpLnOpM_60.000_70.000.wav	60.000	70.000	Police car (siren)
-1X7kpLnOpM_60.000_70.000.wav	60.000	70.000	Car
-1X7kpLnOpM_60.000_70.000.wav	60.000	70.000	Truck
-3FIglJti0s_30.000_40.000.wav	30.000	40.000	Train horn
-3FIglJti0s_30.000_40.000.wav	30.000	40.000	Car
-3FIglJti0s_30.000_40.000.wav	30.000	40.000	Train
-6KOEEiAf9s_19.000_29.000.wav	19.000	29.000	Car
-6KOEEiAf9s_19.000_29.000.wav	19.000	29.000	Car passing by
-6KOEEiAf9s_19.000_29.000.wav	19.000	29.000	Bus
-6KOEEiAf9s_19.000_29.000.wav	19.000	29.000	Truck
-97l_c6PToE_30.000_40.000.wav	30.000	40.000	Car
-97l_c6PToE_30.000_40.000.wav	30.000	40.000	Bus
-97l_c6PToE_30.000_40.000.wav	30.000	40.000	Train
-9S5Z-uciLo_70.000_80.000.wav	70.000	80.000	Car
-9S5Z-uciLo_70.000_80.000.wav	70.000	80.000	Bus
-9S5Z-uciLo_70.000_80.000.wav	70.000	80.000	Truck
-9S5Z-uciLo_70.000_80.000.wav	70.000	80.000	Train
-CkgGfKepO4_140.000_150.000.wav	140.000	150.000	Bicycle
-CkgGfKepO4_140.000_150.000.wav	140.000	150.000	Motorcycle
-JpQivta6MQ_20.000_30.000.wav	20.000	30.000	Car
-K9oTZj3mVQ_30.000_40.000.wav	30.000	40.000	Bus
-K9oTZj3mVQ_30.000_40.000.wav	30.000	40.000	Truck
-K9oTZj3mVQ_30.000_40.000.wav	30.000	40.000	Train
-KjE40DlSdU_0.000_10.000.wav	0.000	10.000	Car
-KjE40DlSdU_0.000_10.000.wav	0.000	10.000	Truck
-KjE40DlSdU_0.000_10.000.wav	0.000	10.000	Motorcycle
-NrFtZ_xxFU_30.000_40.000.wav	30.000	40.000	Train horn
-NrFtZ_xxFU_30.000_40.000.wav	30.000	40.000	Train
-PYRamK58Ss_0.000_10.000.wav	0.000	10.000	Car
-PYRamK58Ss_0.000_10.000.wav	0.000	10.000	Train
-P_XDJt4p_s_30.000_40.000.wav	30.000	40.000	Car
-P_XDJt4p_s_30.000_40.000.wav	30.000	40.000	Bus
-P_XDJt4p_s_30.000_40.000.wav	30.000	40.000	Truck
-P_XDJt4p_s_30.000_40.000.wav	30.000	40.000	Train
-Pjylzex7oc_350.000_360.000.wav	350.000	360.000	Bicycle
-Pjylzex7oc_350.000_360.000.wav	350.000	360.000	Car
-Pjylzex7oc_350.000_360.000.wav	350.000	360.000	Train
-QHuZGmIy_I_30.000_40.000.wav	30.000	40.000	Car
-QHuZGmIy_I_30.000_40.000.wav	30.000	40.000	Car passing by
-RXKRoRPWXg_30.000_40.000.wav	30.000	40.000	Car
-RXKRoRPWXg_30.000_40.000.wav	30.000	40.000	Truck
-RXKRoRPWXg_30.000_40.000.wav	30.000	40.000	Train
-VH414svzI0_30.000_40.000.wav	30.000	40.000	Car
-VH414svzI0_30.000_40.000.wav	30.000	40.000	Bus
-VH414svzI0_30.000_40.000.wav	30.000	40.000	Truck
-WFdYxE-PYI_30.000_40.000.wav	30.000	40.000	Bicycle
-WFdYxE-PYI_30.000_40.000.wav	30.000	40.000	Car
-WFdYxE-PYI_30.000_40.000.wav	30.000	40.000	Car passing by
-XcC-UlbcRA_30.000_40.000.wav	30.000	40.000	Car
-XcC-UlbcRA_30.000_40.000.wav	30.000	40.000	Car passing by
-XcC-UlbcRA_30.000_40.000.wav	30.000	40.000	Bus
-XcC-UlbcRA_30.000_40.000.wav	30.000	40.000	Train
-Y2cD8xvCHI_30.000_40.000.wav	30.000	40.000	Car
-Y2cD8xvCHI_30.000_40.000.wav	30.000	40.000	Train
-ZKZkMHe3cY_70.000_80.000.wav	70.000	80.000	Car
-ZKZkMHe3cY_70.000_80.000.wav	70.000	80.000	Truck
-ZKZkMHe3cY_70.000_80.000.wav	70.000	80.000	Train
-aZ7XC4LG2A_30.000_40.000.wav	30.000	40.000	Car
-aZ7XC4LG2A_30.000_40.000.wav	30.000	40.000	Train
-abVemAm9HM_430.000_440.000.wav	430.000	440.000	Car
-abVemAm9HM_430.000_440.000.wav	430.000	440.000	Truck
-abVemAm9HM_430.000_440.000.wav	430.000	440.000	Train
